0 0.38758378749880135 0.3006923919294745 0.3439486993136613 0.24270273938113465 0.22143375960225548 0.3348907412638489 0.26506884778739553 0.39288039381218876
0 0.32201993770085446 0.42159232706905325 0.29025281607335246 0.3614216198150352 0.17370889051134902 0.4229509789871842 0.20547601213885108 0.4831216862412022
0 0.388101786294652 0.47586375311361245 0.31831162564833876 0.433429060883038 0.2951157668090313 0.47157809954999175 0.3649059274553445 0.5140127917805662
0 0.5352940109306324 0.36837799878314836 0.5343337388580103 0.3157584785841589 0.439527557753988 0.31748862982236614 0.44048782982661006 0.37010815002135555
0 0.4957757001560303 0.4189477217695175 0.4344925113946235 0.3938810270068573 0.39026197567041965 0.5020160761415473 0.4515451644318264 0.5270827709042075
0 0.6217158665328828 0.4752270067554026 0.5980082063084124 0.41508076601406146 0.4713367483454429 0.46501046816185054 0.4950444085699134 0.5251567089031917
0 0.839087184090223 0.5364096821709176 0.7609936687099894 0.44176392212464 0.7173063892648297 0.47781089588873654 0.7953999046450632 0.5724566559350142
0 0.7124403336415797 0.6468558365006729 0.6826127120564326 0.5563885422319477 0.6256685144019003 0.5751633933296707 0.6554961359870474 0.6656306875983959
1 0.7853571310671239 0.6443983542971667 0.7790494274743935 0.6104628805569707 0.7379827747652588 0.6180960809895906 0.7442904783579892 0.6520315547297866
0 0.780956534618943 0.6158175379680875 0.7744421294154012 0.575776142341593 0.7210475824371587 0.5844629952655123 0.7275619876407005 0.6245043908920067
