0 0.8860849897228565 0.7737874991988742 0.7442821645051658 0.5974363502043365 0.6636329026416625 0.6622859032079315 0.8054357278593531 0.8386370522024691
0 0.5257621105624759 0.5163232757675488 0.4792075757337663 0.47121032050503064 0.4000283417177249 0.5529197183101655 0.44658287654643447 0.5980326735726836
0 0.47387081053266733 0.7005092842214593 0.45249238332402253 0.5999335001585892 0.4044052929142434 0.6101549105266988 0.4257837201228882 0.7107306945895691
0 0.24701469357928896 0.4833092926801415 0.20886518661416797 0.39288080155940075 0.0037123377713621287 0.4794296307928009 0.041861844736483134 0.5698581219135417
0 0.2790676868674969 0.3534108214533968 0.1595855310351088 0.3382457766602277 0.1523376708766599 0.3953501221279852 0.27181982670904803 0.4105151669211543
0 0.5067717726138323 0.3638692886428215 0.49748201736529707 0.2889751397538204 0.3472989916365438 0.30760361169990447 0.35658874688507913 0.38249776058890556
0 0.6600610504141577 0.5648907659388945 0.5447876466680757 0.4955838220195304 0.5085348995032442 0.5558804867476465 0.6238083032493262 0.6251874306670107
0 0.6039327696085924 0.31158819919518416 0.5946160234660189 0.28551880522375184 0.5274561920212215 0.3095205561365225 0.536772938163795 0.3355899501079548
1 0.5742029481059182 0.2971757710866306 0.5666703695346288 0.2647277407391997 0.5249756858851292 0.27440686385490454 0.5325082644564186 0.30685489420233547
0 0.5621693125 0.571924603125 0.4996693125 0.571924603125 0.4996693125 0.6143353171875 0.5621693125 0.6143353171875
0 0.8592753196160426 0.1501196948315134 0.8101802753052032 0.13681079973550753 0.8007758635735565 0.1715026360864561 0.8498709078843957 0.18481153118246202
1 0.747023809375 0.10193452343750009 0.7235449734375 0.10193452343750009 0.7235449734375 0.1550099203125001 0.747023809375 0.1550099203125001
