0 0.8755477181167295 0.15199945473948148 0.7535606593054267 0.09917695164827696 0.6674256519730006 0.298095132163699 0.7894127107843035 0.3509176352549035
0 0.6207789377501058 0.2549104213262217 0.5761804765971827 0.1740330447842433 0.4939395507492101 0.21938341213582896 0.5385380119021332 0.30026078867780737
0 0.6670452967798962 0.6609652810699747 0.6031268006835214 0.5749595715226363 0.4714390014509836 0.6728284935452166 0.5353574975473584 0.758834203092555
0 0.5892531960843748 0.5981174874925906 0.5750227368368563 0.546928401095456 0.5289642604305952 0.559732561467007 0.5431947196781135 0.6109216478641415
0 0.5289157357811003 0.49823808914276474 0.4592848897925153 0.4869263635040738 0.4239132581148464 0.7046611916268816 0.49354410410343147 0.7159729172655724
1 0.2820903671732033 0.49741752211746404 0.20120554938736865 0.44552656492729115 0.17892596619227624 0.48025477432368036 0.2598107839781109 0.5321457315138532
0 0.31880049282047723 0.5140407060019048 0.25849786622511167 0.4504524503487618 0.21802741496108488 0.488831778192455 0.2783300415564504 0.5524200338455979
0 0.31421375287435155 0.22649263495144178 0.22881821088751414 0.2199308585521858 0.21486323895278914 0.4015421051518205 0.30025878093962655 0.4081038815510765
0 0.23513650107612757 0.7604217688360799 0.21469850337381685 0.5638818232813415 0.13530951340568684 0.5721374071016062 0.15574751110799756 0.7686773526563446
0 0.22983058176787874 0.4210843015736647 0.13029791505294375 0.4016085410849824 0.11148987596227562 0.49772875613182466 0.21102254267721063 0.517204516620507
