0 0.9263516992322902 0.7245708515125869 0.8966337650459206 0.6603397230386298 0.7200882639356859 0.7420223543039491 0.7498061981220555 0.8062534827779064
0 0.5431347535934256 0.38449470037233263 0.4084976840286091 0.26237626523174895 0.36517531749641685 0.3101397046321351 0.4998123870612333 0.43225813977271876
0 0.2842643079171011 0.46729443121838454 0.27605157557357407 0.3889684615343949 0.04584365656953353 0.4131065096143409 0.05405638891306056 0.49143247929833056
0 0.41125042728585415 0.3934179907772029 0.2633126480327874 0.29765584857899696 0.22559817717295502 0.355918904695265 0.3735359564260217 0.45168104689347094
0 0.6898139539398136 0.5300155643748931 0.6000190390362012 0.40397049342608754 0.5408382912592569 0.4461310489365943 0.6306332061628692 0.5721761198853998
0 0.7812107975656102 0.4350075367487566 0.7080372230284565 0.41696263717262455 0.6738277075196673 0.5556850790682463 0.7470012820568209 0.5737299786443782
1 0.7660140631032594 0.42216987259082756 0.748715778453463 0.38363951210979563 0.6550834141948257 0.4256759547788612 0.6723816988446221 0.4642063152598931
0 0.7347330783543773 0.40517326068050574 0.7204899874182005 0.3857302356612301 0.6849111203722187 0.41179372311956924 0.6991542113083955 0.43123674813884494
0 0.5480149903970327 0.4774292970470402 0.5443491153654652 0.430360137367131 0.43562446039230573 0.43882791118532455 0.4392903354238734 0.4858970708652337
0 0.6196464056736061 0.42428804134211867 0.5785503388391087 0.39662530915847555 0.5619558276247479 0.4212783021247463 0.6030518944592453 0.4489410343083894
