0 0.4283217087204857 0.6788018783987132 0.25684259883952926 0.6057644792826137 0.22717879669533197 0.6754099273534843 0.39865790657628847 0.7484473264695838
0 0.5168690656615903 0.65457262341612 0.43586456705158094 0.6420075690845669 0.4074871470204638 0.8249513607157606 0.48849164563047315 0.8375164150473138
0 0.7058464168917089 0.9186624501035716 0.6482958026580244 0.7023515282870181 0.5601949965072381 0.7257911931263202 0.6177456107409226 0.9421021149428739
1 0.7248383878877475 0.8687245399902777 0.6947479966026189 0.7828085550036169 0.6565641698521347 0.7961816925852208 0.6866545611372633 0.8820976775718815
0 0.7255291000000001 0.7695932546875002 0.6901455031250002 0.7695932546875001 0.6901455031250002 0.85342261875 0.7255291000000001 0.85342261875
0 0.47636657320176 0.642530832333631 0.4455754706523571 0.5957364561561522 0.392294556336927 0.6307957566667535 0.4230856588863299 0.6775901328442322
0 0.44899840516243456 0.451767802792003 0.4254859754316871 0.42817777436071136 0.3779027922688897 0.4756044340503836 0.4014152219996371 0.4991944624816752
0 0.5609632732567658 0.5349410652303197 0.5431644899599911 0.4637459160243143 0.33317771576969085 0.5162425977601346 0.3509764990664655 0.5874377469661399
0 0.6520947362165692 0.518213388262321 0.6013787591304756 0.48359386993284614 0.5117466311611512 0.614900750202172 0.5624626082472449 0.6495202685316468
0 0.7700741903001699 0.7241991138854644 0.6791140425640363 0.5792795539237128 0.6110133571867167 0.6220236003760193 0.7019735049228505 0.766943160337771
