0 0.676873966083514 0.3139437053259558 0.6756128008940843 0.1995952503364361 0.4041441181511466 0.202589316611552 0.40540528334057635 0.31693777160107167
0 0.403289396476172 0.316728371019232 0.19123866433949302 0.27727617471435084 0.17389702275459018 0.3704853782302412 0.3859477548912692 0.40993757453512236
0 0.9650228646248127 0.27935867911276724 0.7295102457114833 0.24502732741788574 0.7164862813595156 0.3343715507513071 0.9519989002728451 0.3687029024461886
0 0.8084200397881005 0.3798350988142311 0.6182280552937582 0.372391848935229 0.6148384935409188 0.459002870574755 0.805030478035261 0.4664461204537572
0 0.6151210719375909 0.35972737952972544 0.418226625626091 0.32654178993955324 0.4045212274397456 0.4078577111181321 0.6014156737512455 0.4410433007083043
0 0.7858195831495431 0.39694996293513524 0.7668485643587383 0.3810356959982604 0.7420890222500865 0.41055095676761394 0.7610600410408914 0.42646522370448875
0 0.7990114512534928 0.4354416606571821 0.7968956531249998 0.4295080859375 0.7827556983470172 0.4345501206753443 0.7848714964755101 0.4404836953950263
1 0.8036936591684816 0.4370627075536623 0.7865816960670091 0.33747507298292817 0.7479728743662082 0.34410915697521516 0.7650848374676806 0.4436967915459493
0 0.5772005054995287 0.2985917242450081 0.48068918482700285 0.29184269836543586 0.47790243451704323 0.3316933312712647 0.5744137551895692 0.3384423571508369
0 0.7119955397373753 0.31833099534637366 0.5916640565958593 0.31694524818395425 0.5910400654794234 0.37112957454892703 0.7113715486209393 0.37251532171134644
0 0.41570264817855734 0.17399983232515095 0.1763827253176286 0.16404545995613223 0.17211562636718186 0.26663372507259253 0.41143554922811065 0.2765880974416113
