0 0.315902887381639 0.5196592278678562 0.21039210082291354 0.4599986788783947 0.17442986623003562 0.5235985572330877 0.2799406527887611 0.5832591062225492
0 0.37230942872983314 0.6360103283001981 0.3543472944784793 0.5451918804196474 0.12782776450630826 0.5899930667740452 0.1457898987576621 0.6808115146545959
0 0.6487815353978624 0.6292505422617938 0.6421270915216771 0.5194521239778948 0.38958248831400794 0.5347578443566132 0.39623693219019324 0.6445562626405122
0 0.4240978048852312 0.4473916981643951 0.3521353771368281 0.4454335388792276 0.34812990675495803 0.5926347268198933 0.42009233450336103 0.5945928861050607
0 0.6959781754386432 0.5393338639247665 0.6794114047901285 0.3957554806872085 0.6144754373305531 0.40324810774905717 0.6310422079790678 0.5468264909866151
0 0.9012143267737599 0.5781437105078984 0.8964496076763417 0.4852315980549551 0.6863920341154787 0.49600377087375414 0.6911567532128969 0.5889158833266974
1 0.8103762290978492 0.42917930958118733 0.7617404058032264 0.40703616964934736 0.7255045869884869 0.4866255542729577 0.7741404102831096 0.5087686942047978
0 0.6522484022574171 0.5203471003990623 0.5652589428499402 0.4812018391817864 0.5497592392754245 0.5156456209575536 0.6367486986829013 0.5547908821748295
0 0.4938675418406896 0.5304052714198362 0.45565901435465844 0.5062735748506892 0.433499659892964 0.5413592266860787 0.4717081873789953 0.5654909232552257
0 0.7662049415271512 0.4434448328941364 0.7295984189183644 0.4374390751941763 0.7263530003519535 0.45722067379697834 0.7629595229607402 0.4632264314969385
