0 0.5278590474455893 0.6193554340112322 0.5143792618353401 0.48920000839110395 0.26334849524354587 0.5151984706074235 0.2768282808537951 0.6453538962275518
0 0.39715305157715275 0.5237645175479645 0.38396640998953313 0.4029413917499781 0.16404924673892193 0.42694316120924974 0.17723588832654155 0.5477662870072362
0 0.5889839370280157 0.45747018641431225 0.5713476883756069 0.35718396066703406 0.39854340816853057 0.38757317146067316 0.4161796568209393 0.4878593972079514
0 0.7334993932727479 0.41153207491278876 0.7295632967976229 0.33210724225259763 0.5798968716157958 0.33952433674146054 0.5838329680909209 0.41894916940165167
0 0.9267201020295215 0.4917649642716606 0.9168404149319542 0.39434131440911996 0.7452188312845511 0.4117453795208014 0.7550985183821185 0.509169029383342
0 0.7387877782589085 0.5537707595903967 0.7193758163858732 0.42157864811601425 0.49365009275303146 0.45472570274773627 0.5130620546260668 0.5869178142221186
0 0.7005179092545555 0.45034989046848983 0.6953875459365905 0.4085588142635218 0.5890485690400522 0.42161321811912467 0.5941789323580173 0.4634042943240927
1 0.7705196545768438 0.3467092894517434 0.7302871043418814 0.33223073295593075 0.7133075751548603 0.37941290620506657 0.7535401253898228 0.39389146270087927
1 0.7506242136978502 0.4055534736063743 0.7390932952734893 0.40318798254171434 0.7309810323541054 0.4427323474974241 0.7425119507784663 0.445097838562084
0 0.7465125022798689 0.37396296280566543 0.7059876047199638 0.3641046369032828 0.6958811659533303 0.4056494589926293 0.7364060635132353 0.41550778489501183
