0 0.4965511614799499 0.37567543407764803 0.49433900841841927 0.31285016907450536 0.39555228104699397 0.31632856843155305 0.3977644341085246 0.3791538334346957
0 0.6178636431181982 0.4032859758921917 0.6007469188674619 0.3664211562475243 0.515612001446199 0.4059501955770237 0.5327287256969353 0.442815015221691
1 0.6310847029657203 0.44858973635569016 0.6168553535264204 0.3995477723860169 0.5609532401717401 0.41576756949306165 0.57518258961104 0.46480953346273485
0 0.8533542101586551 0.3869964052129359 0.7823154943471005 0.26391234616378545 0.6174939286563393 0.359040118640365 0.6885326444678942 0.4821241776895155
0 0.9853453158755883 0.4886224869671487 0.9676637371881854 0.40307151663562024 0.7994028726182788 0.4378474835869478 0.8170844513056815 0.5233984539184763
0 0.3640489828606744 0.543733665349073 0.2715458512798597 0.5290928164569794 0.26027345121308604 0.6003135710931019 0.35277658279390073 0.6149544199851956
0 0.7404303992619963 0.53449373268027 0.7266667070551257 0.491316452489517 0.6485924442455868 0.5162043129068795 0.6623561364524575 0.5593815930976326
0 0.8430659234432711 0.5459430362088996 0.8230221108131556 0.48778459762708193 0.7161009457876816 0.5246340703815704 0.7361447584177971 0.5827925089633881
0 0.18911338507793768 0.4415939490908209 0.002325937389788435 0.42673383808516274 -0.004706953537203584 0.5151353140648367 0.18208049415094568 0.5299954250704949
0 0.5149273811155954 0.5398842228479602 0.3611131189879431 0.5347986877144819 0.35895315637414227 0.6001277134600673 0.5127674185017946 0.6052132485935456
