0 0.9206406418036119 0.6517520635155215 0.8240387237474931 0.6212555541899902 0.8008190070459988 0.6948072235348539 0.8974209251021177 0.7253037328603853
0 0.700279903373152 0.582658845830582 0.6486145711418084 0.5732467473056924 0.6385390166903067 0.6285539528959496 0.6902043489216503 0.6379660514208393
0 0.9129661014114474 0.5685551222239515 0.7357562274783602 0.5332523788173507 0.7157348550975098 0.6337540546988488 0.892944729030597 0.6690567981054498
0 0.7154224118082657 0.2799635072870871 0.5943817618741031 0.2668150160778978 0.5844816995836798 0.35795170658913017 0.7055223495178424 0.37110019779831943
0 0.41405463131466114 0.6215933417572612 0.4023858271088286 0.5109374871851857 0.35326330845409665 0.5161175208534998 0.3649321126599292 0.6267733754255753
0 0.623050925197176 0.6308114013963759 0.6154992895740461 0.52389441161124 0.48594228406567536 0.5330451303135642 0.49349391968880524 0.6399621200987001
0 0.5363760197166875 0.2731555803913007 0.482326041827534 0.256218546611659 0.4545736476596107 0.3447828318733642 0.5086236255487642 0.36171986565300596
0 0.44262437282197586 0.3310218112975767 0.42117484659050797 0.24054007258993632 0.2997400892364347 0.26932729585157533 0.32118961546790253 0.35980903455921576
1 0.547553676153833 0.27108749685369726 0.5469558184827642 0.23571693501273483 0.5209303525359293 0.23615683541718457 0.5215282102069981 0.271527397258147
0 0.5531810672005659 0.2704964220312375 0.5261468328686033 0.26939542143548784 0.5238726849342135 0.32523539863548345 0.5509069192661761 0.32633639923123314
