0 0.2833414345984136 0.7613836958773852 0.27575708560524176 0.7202364266823882 0.19068155448229512 0.7359177229491726 0.19826590347546696 0.7770649921441696
0 0.370950852512903 0.7116995391854518 0.3633620326219473 0.6543618614978646 0.21088212599905504 0.6745430511626387 0.21847094589001076 0.7318807288502257
0 0.45703764310406925 0.7101627005764045 0.4549104976914509 0.6768374414301469 0.3962098296975067 0.680584294713206 0.398336975110125 0.7139095538594635
0 0.6211553596969995 0.6807382366571636 0.4851116127372114 0.6450836485527258 0.4690331603506815 0.7064326368391963 0.6050769073104696 0.7420872249436341
0 0.6762629216905887 0.48301778195487116 0.6365946146919731 0.44046631390839686 0.5763349671180488 0.4966429468034133 0.6160032741166643 0.5391944148498876
0 0.5243895011538033 0.532582913039201 0.5171143614876712 0.4743818568212532 0.3764244994625256 0.49196810803994084 0.38369963912865773 0.5501691642578888
0 0.7854078353564364 0.6502346934850161 0.731334710331389 0.6294065270330047 0.7014734051984017 0.7069310700400626 0.7555465302234493 0.727759236492074
0 0.8628699770325294 0.4703948947832647 0.7221711163829216 0.4480486066535775 0.7121209368241372 0.5113275192424819 0.852819797473745 0.5336738073721691
1 0.21925661406249994 0.6947309031250001 0.21101045130692078 0.6708149996449169 0.17613412786942081 0.6828402965199168 0.184380290625 0.7067562000000001
0 0.23810511512605084 0.7229103810217483 0.22970524097269274 0.6938778559062919 0.1785674609375 0.7086733625 0.1869673350908581 0.7377058876154564
