0 0.16594366998042082 0.4069053356661967 0.022194979687500054 0.404047634375 0.020730563250899926 0.4777110174070806 0.16447925354382067 0.48056871869827733
0 0.403786994327236 0.3563590456429947 0.3208078660016757 0.1738727215906219 0.2352380711724748 0.21278252495696243 0.31821719949803506 0.3952688490093352
0 0.26259063312277575 0.47173895116980713 0.1398800826821715 0.4141957747849775 0.11056837949155038 0.476702842674629 0.23327892993215463 0.5342460190594587
0 0.7768854309013242 0.4071646278117254 0.7084665252736101 0.3711160063184332 0.6857750793999629 0.414183503201063 0.7541939850276769 0.45023212469435514
0 0.47604104757469956 0.523015948904852 0.4046812158475223 0.5221837496556364 0.4043712004409238 0.5487671036643734 0.47573103216810103 0.549599302913589
0 0.5650467325938902 0.5850794017394663 0.5628559646043593 0.5312208606748322 0.42706763469293196 0.5367442320963641 0.42925840268246285 0.5906027731609982
0 0.6859736400772851 0.5356386967647486 0.6042804644979481 0.5172961959813687 0.5923005062556617 0.5706521065890987 0.6739936818349986 0.5889946073724787
0 0.8677665532172633 0.529644058027779 0.8472797097702751 0.46627279410855155 0.682739369199548 0.5194658660075613 0.7032262126465362 0.5828371299267887
1 0.772625075 0.5012614421875001 0.7312325640625 0.4971432312500002 0.7281796643711727 0.5278282024139773 0.7695721753086726 0.5319464133514773
0 0.782897401140147 0.498467875252952 0.7716037146549948 0.4600899696568327 0.7327427271349304 0.4715258154315798 0.7440364136200828 0.5099037210276991
