0 0.3608348667396672 0.4816607333814904 0.2745659820085015 0.4521562972246567 0.26062407819380873 0.49292143798957044 0.3468929629249744 0.5224258741464041
0 0.4224177344827174 0.26856551632323133 0.3454845150199677 0.26560405338039333 0.34394723390784193 0.3055397160774837 0.42088045337059155 0.3085011790203217
0 0.8306432242401023 0.5532386730309 0.6976328905464116 0.44503516526546916 0.6430049600255989 0.5121871404428434 0.7760152937192895 0.6203906482082744
0 0.8308376144780804 0.353617874602229 0.6955287577468084 0.31935487559899245 0.6780059525777646 0.3885546188533455 0.8133148093090368 0.422817617856582
0 0.24486008144129898 0.4067358779830184 0.22749084555398577 0.3262254118098987 0.06771627999413177 0.3606949938395783 0.08508551588144499 0.44120546001269806
0 0.25067648600526404 0.2596814918863392 0.12677724503030677 0.24984166125047685 0.12207230399749906 0.3090844108840143 0.24597154497245635 0.31892424151987664
0 0.3839710099092653 0.28295867756316007 0.36894301609480495 0.21578426129689046 0.25682874585059157 0.2408660208921547 0.2718567396650519 0.30804043715842433
0 0.7121790214698656 0.3216495212476411 0.5873357973155353 0.27210961826994506 0.564582687706865 0.32944868016439705 0.6894259118611952 0.3789885831420931
1 0.2595577968749999 0.39722513437500007 0.2589383589561422 0.36531980157923116 0.20987802770614222 0.3662723015792312 0.21049746562499996 0.39817763437500003
0 0.267499121875 0.39886361562499995 0.19977012656250004 0.3988455390625 0.1997599953552807 0.4368049954728779 0.2674889906677807 0.4368230720353779
