0 0.46863263901775454 0.8013682995370319 0.3746534787990473 0.6836357862397995 0.3123147831628029 0.7333972166293226 0.40629394338151015 0.851129729926555
0 0.7083860048104285 0.6726141463124891 0.6912997026029444 0.6312045734161613 0.5695918487323591 0.6814233278443561 0.5866781509398431 0.722832900740684
0 0.4568974073777756 0.6047393660211331 0.43727423042593594 0.5666266080611497 0.30467729024293244 0.6348970077844006 0.32430046719477207 0.673009765744384
0 0.6889330513998975 0.5609104633904095 0.6351214739651591 0.4545113852738464 0.5906080769701123 0.4770241377495591 0.6444196544048506 0.5834232158661223
0 0.652954783055982 0.4413392292327414 0.6441259912079265 0.40166395629490576 0.5904419604705181 0.41361006524008725 0.5992707523185736 0.4532853381779229
0 0.753860697798026 0.25247330525643563 0.7238980308960337 0.24459147927333302 0.7059707529362946 0.3127418113307333 0.7359334198382869 0.3206236373138359
1 0.7081923393566444 0.2329107318697905 0.6624363164006317 0.23120425252377258 0.660831915528486 0.2742232338597331 0.7065879384844986 0.275929713205751
0 0.6829909472376561 0.26157642121698244 0.6324136319792412 0.2430370784233466 0.5877561418131194 0.36486750056521766 0.6383334570715343 0.3834068433588535
0 0.4670918513552206 0.38937777536123547 0.4029526079178076 0.3678644530509629 0.3567218123544578 0.5056957098033001 0.4208610557918707 0.5272090321135726
0 0.7072857807741504 0.2362740052716706 0.6882934832196461 0.23165948737270745 0.6790740617004897 0.26960451231487104 0.6980663592549939 0.27421903021383426
