0 0.6881418160058079 0.7280051671780816 0.6786419120882772 0.6456725767852943 0.45712089111182835 0.6712326667199109 0.4666207950293592 0.7535652571126982
0 0.4665985519034829 0.6888460543555804 0.4605190937605254 0.618162221789687 0.2557593217409856 0.6357734409067862 0.26183877988394305 0.7064572734726796
0 0.6737067528511453 0.6286097836529908 0.6645748522299793 0.5816457190105254 0.5896146813715091 0.5962213064524656 0.5987465819926753 0.643185371094931
0 0.3700122141097391 0.6176239141138241 0.353109369467462 0.5472807588270243 0.31100591730093685 0.5573978499352173 0.32790876194321383 0.6277410052220171
0 0.5642375229288265 0.5405618176295034 0.39186574522531314 0.5097337874568116 0.37935504532253733 0.5796860864028177 0.5517268230260506 0.6105141165755095
0 0.6140062786265099 0.4820041958612336 0.4505779855614069 0.47877864065405695 0.4495549331801473 0.5306133461997722 0.6129832262452503 0.5338389014069488
0 0.6975033973294245 0.44018626267107913 0.634614702743885 0.3538475456074095 0.5902430282722522 0.3861676538855726 0.6531317228577916 0.47250637094924225
0 0.5299405513204212 0.3945693477877981 0.47930624281003187 0.316990353616205 0.436946348186221 0.34463783726500685 0.4875806566966103 0.4222168314366
1 0.5724130810746098 0.3288020380277589 0.56287013400174 0.300603060475633 0.5144525270006207 0.31698828792413164 0.5239954740734905 0.34518726547625755
0 0.5888032768541624 0.3454116926262486 0.5846762992671675 0.324651747271278 0.5278178482360447 0.3359549346845584 0.5319448258230397 0.356714880039529
