0 0.6209324531712399 0.6343752431909422 0.5217086851559102 0.5571667480874503 0.47861801787374797 0.6125443120239044 0.5778417858890778 0.6897528071273962
0 0.4797937296227115 0.654382854232955 0.3411701685277698 0.5992540912853737 0.31816387111415856 0.6571043804006322 0.45678743220910023 0.7122331433482135
0 0.6225618507178406 0.750192065764911 0.4449970168854202 0.6847816988353873 0.41693920069961726 0.7609482409693066 0.5945040345320379 0.8263586078988302
0 0.6784982698414642 0.6971081988721128 0.6011361273176682 0.6954737838934801 0.6001655770295656 0.7414130653466634 0.6775277195533616 0.743047480325296
0 0.47911554998302924 0.5929522801368206 0.4530045808766336 0.5655357617526096 0.4025190464413299 0.6136172216771214 0.42863001554772556 0.6410337400613325
0 0.7113200240776555 0.6150571468781736 0.5846281154451083 0.5551822064252064 0.5619677191969659 0.6031302933765763 0.6886596278295132 0.6630052338295436
1 0.7931497071908488 0.4900414591425439 0.7893070871021681 0.4612217982644708 0.7554512959463076 0.4657359021522326 0.7592939160349881 0.4945555630303057
0 0.7299816785887432 0.46264538999495014 0.691962186587159 0.44776314246210325 0.6603442755646141 0.5285370250746105 0.6983637675661981 0.5434192726074574
0 0.8467406031712406 0.547733322206711 0.8003547185566161 0.5290807972746628 0.7653709392803555 0.6160799330379902 0.81175682389498 0.6347324579700385
0 0.8042789016063658 0.5068827424502556 0.7965095941908081 0.47458253058492045 0.7457644468921683 0.48678847681383697 0.753533754307726 0.5190886886791721
