0 0.9287779027336315 0.4683005340613711 0.8851374256425206 0.4087474588231764 0.8222053988191581 0.4548640307029223 0.865845875910269 0.514417105941117
0 0.9042625287026238 0.23095915248849316 0.8663794874673592 0.1627927240620814 0.6447373814884172 0.28596885686087475 0.6826204227236816 0.3541352852872865
0 0.5298604488835019 0.12942339585539905 0.4433927147255856 0.11676770164287373 0.42205095921535857 0.2625813734124707 0.5085186933732749 0.275237067624996
0 0.40465028697451116 0.2786807656559082 0.3608166755932166 0.2189157367055107 0.21679335387432225 0.3245471138660362 0.2606269652556168 0.3843121428164337
0 0.34917508755606114 0.34776189372440613 0.29418280134959474 0.330865066703436 0.27049732862457443 0.407951628187036 0.3254896148310408 0.4248484552080062
0 0.2929947478786836 0.7125562346182949 0.25968080267511184 0.5544088451926806 0.1884026169702389 0.5694236840806728 0.22171656217381064 0.7275710735062869
0 0.8346345293760467 0.8921296168384597 0.6775920662210392 0.734881062943076 0.6115318990063263 0.8008546513725892 0.7685743621613337 0.958103205267973
0 0.3630372805027711 0.7451177779527399 0.3013545044437692 0.6984678578573954 0.21427216007232483 0.8136123368956933 0.27595493613132677 0.8602622569910381
1 0.8328035961500596 0.33080067916882816 0.802675593890745 0.31126097145601933 0.7691927311098388 0.36288772966234534 0.7993207333691533 0.3824274373751542
0 0.8584572313943848 0.333747661497582 0.8200120315233619 0.3245042758154109 0.8030310257410799 0.39513187740624867 0.8414762256121028 0.40437526308841976
