0 0.7481449997061536 0.15315927676445054 0.6781072484404216 0.12601175043312798 0.6069183351644638 0.3096716294235242 0.6769560864301959 0.3368191557548468
0 0.803383735792815 0.39608754224455983 0.7910721117371373 0.3291181455209974 0.5785168253402899 0.3681942146689237 0.5908284493959673 0.43516361139248616
0 0.755735420286623 0.5082990119475725 0.7519137258286571 0.44691896918202456 0.5399736552903653 0.46011495531209157 0.5437953497483312 0.5214949980776395
0 0.6737174578244473 0.5353766315420853 0.6142828446221086 0.4828435855252109 0.5248732199715713 0.5839994647400581 0.58430783317391 0.6365325107569326
0 0.5449157837308963 0.42204080917485276 0.5057118275365371 0.4001945231492309 0.4648782608303136 0.47347184628473915 0.5040822170246728 0.49531813231036104
0 0.5259121255295913 0.5345659797547961 0.5234019946673598 0.4928367779889641 0.49009193864356704 0.49484047314990154 0.49260206950579855 0.5365696749157336
0 0.5081090089947354 0.48276124636690404 0.30904016873774554 0.456106872040037 0.3008587705846061 0.517209842308767 0.49992761084159587 0.543864216635634
0 0.4370273820902617 0.5673754784951754 0.29089089782574556 0.4890769886804991 0.25998139845724577 0.5467665504942721 0.40611788272176186 0.6250650403089484
1 0.4646270391235444 0.5586479327969013 0.43535473178381406 0.5473092143374385 0.4045086031546828 0.626942319322 0.43378091049441314 0.6382810377814627
0 0.46916397388895226 0.6099854825218751 0.45414133257346767 0.5747890496092769 0.42673186238249333 0.5864880374115063 0.44175450369797786 0.6216844703241046
