0 0.4811166425777026 0.8104938403950326 0.4792287473245903 0.6858932175437783 0.4185501842752367 0.6868125931337647 0.420438079528349 0.8114132159850191
0 0.3298360175165339 0.7643225395027831 0.26284703352329875 0.665172916426638 0.21110001837319237 0.7001350258330044 0.2780890023664276 0.7992846489091494
0 0.49493961988744956 0.8713061047134355 0.407805886131838 0.8479667131435462 0.39227851404935105 0.9059355723962963 0.4794122478049626 0.9292749639661857
0 0.3562330139526739 0.9180177333505519 0.25665075218317923 0.7811429289634865 0.18625538170295722 0.8323585653394716 0.28583764347245194 0.9692333697265368
0 0.8594690616677431 0.7852298076268707 0.8186419227846606 0.728713258041196 0.7083868923975899 0.8083606793924879 0.7492140312806723 0.8648772289781625
0 0.6167846882072431 0.7885164749788834 0.5159507929647335 0.6865865602617156 0.47262603047461393 0.7294454655640226 0.5734599257171235 0.8313753802811904
0 0.4179496555595571 0.7112502108601235 0.4052482881318798 0.6709821722466945 0.32774445479955394 0.695428475024378 0.3404458222272312 0.735696513637807
0 0.7740476200068749 0.6523511944258333 0.7415476220762498 0.609017858164167 0.6508730132418754 0.677023805864167 0.6833730111725005 0.7203571421258333
1 0.8264778845105051 0.6847448713601897 0.808991543709757 0.6501696062536569 0.7766561185959601 0.6665231544255866 0.794142459396708 0.7010984195321194
0 0.8118164687500002 0.6933311015625 0.7710278232265086 0.6663083491219473 0.7521185641162582 0.6948503367916562 0.7929072096397498 0.7218730892322089
