0 0.47017861381060355 0.44051551172066733 0.45027987892693166 0.43830453827613824 0.4468328570577412 0.46932769438096056 0.466731591941413 0.47153866782548964
0 0.561135381110214 0.44321164689924836 0.5498889609376488 0.3785447303534636 0.3905016748107386 0.4062642581382617 0.4017480949833039 0.47093117468404655
0 0.3134840607492662 0.698188587914963 0.3099421193036248 0.5990142542140766 0.1582730922232443 0.6044310066437559 0.16181503366888567 0.7036053403446423
0 0.41014912811832793 0.49699407123302936 0.34570943836198254 0.3653904149162217 -0.026022283404913527 0.5474087379146809 0.03841740635143194 0.6790123942314887
0 0.5675459003801817 0.3423990802402687 0.5440729272618847 0.2367705902980175 0.2206485463293743 0.3086425994839973 0.24412151944767127 0.41427108942624846
0 0.5872008932011863 0.8089713762684643 0.4667871539457307 0.43959409548912304 0.32101294194508884 0.48711520430496486 0.44142668120054446 0.856492485084306
0 0.7002536492154892 0.7442751967416787 0.6404693205081542 0.44560060030389986 0.48337222359026494 0.4770460080925858 0.5431565522975998 0.7757206045303647
0 0.7365971385795607 0.42794913001861873 0.5902977853776192 0.28497475878417927 0.5085530638346717 0.368620518413338 0.654852417036613 0.5115948896477774
1 0.8437264472994419 0.46507376576227644 0.8151512929544455 0.4316825728726636 0.7309666443682384 0.5037252020408616 0.7595417987132347 0.5371163949304745
1 0.735119046875 0.49280753906250013 0.73115079375 0.49280753906250013 0.73115079375 0.4995039687500002 0.735119046875 0.4995039687500002
0 0.7897841773569609 0.49234952521308023 0.7585314013784707 0.4501582584450986 0.6941650144877098 0.4978370418555172 0.7254177904662 0.5400283086234987
