0 0.27648314474324776 0.8073295922071899 0.21188728850327837 0.7432231011070025 0.0012965903851691607 0.9554213703876057 0.06589244662513857 1.0195278614877932
0 0.8764120941755011 0.5603773031689381 0.7825856307404726 0.5522023241418115 0.7644227995905831 0.760662089861932 0.8582492630256118 0.7688370688890586
0 0.9406525862076753 0.9130653267716797 0.7372678104620036 0.7086814689109062 0.6597252591073322 0.7858449718562333 0.8631100348530041 0.9902288297170067
0 0.14633831766900374 0.47976356943901255 0.09339559124240512 0.4351443121110993 0.05349529042773229 0.48248778748196114 0.1064380168543309 0.5271070448098744
0 0.7494446450221396 0.3106921674638828 0.5726303294967788 0.25621907054071147 0.5518018728217948 0.32382619255969836 0.7286161883471556 0.37829928948286967
0 0.6957606721924394 0.3717357503048184 0.6443010973602192 0.33534647816600804 0.6277421965417621 0.35876310470792494 0.6792017713739822 0.3951523768467353
0 0.50327249278985 0.20190467349724556 0.43499130862705826 0.1973525948398404 0.4272903795999957 0.3128665375231579 0.4955715637627874 0.3174186161805631
0 0.2839582863790079 0.31196318925164834 0.10983595223047118 0.2574806435205323 0.0875605460857217 0.3286712543846511 0.26168288023425845 0.38315380011576716
1 0.17938868293695331 0.4238776555070757 0.1269247173789741 0.33019199963334334 0.0949434574962584 0.34810150457665046 0.14740742305423765 0.4417871604503828
0 0.14227753999704712 0.39315300849618995 0.11231133083552265 0.3564838307114694 0.08673383531371837 0.37738586961548093 0.11670004447524285 0.4140550474002015
