0 0.5567268841773803 0.8379595055897783 0.553835353543163 0.8074151001850624 0.42336252061899843 0.8197665009844732 0.42625405125321575 0.8503109063891892
0 0.7862195563164104 0.5202187521864738 0.7464133494057373 0.504919079740581 0.7162023267201028 0.5835211690506852 0.7560085336307758 0.598820841496578
0 0.5724425839371117 0.41547994340288474 0.5637421661932741 0.3649373164981885 0.43178930415123296 0.38765170814279937 0.44048972189507046 0.43819433504749555
0 0.6280668052020141 0.4163499217786441 0.5729416332900538 0.4056154095965151 0.5670299250640213 0.43597393234298226 0.6221550969759815 0.4467084445251112
0 0.5072865797575377 0.5520347172995937 0.49168196436277967 0.5336848097403782 0.44562936439438683 0.5728475743546616 0.4612339797891448 0.5911974819138771
0 0.4017932078581298 0.568021035303602 0.39269789718222653 0.5272641956486372 0.27735367488841034 0.5530044528745164 0.28644898556431353 0.5937612925294811
0 0.6833688449413952 0.3327701468263252 0.6430164309719008 0.3308102139716 0.6391629590897214 0.41014808120241597 0.6795153730592158 0.41210801405714126
0 0.636389194314183 0.5505100617820469 0.5215791424305626 0.5216550662170627 0.510729080992743 0.5648259658212967 0.6255391328763633 0.5936809613862808
0 0.43385917985723754 0.5673062133059859 0.42640711755217353 0.546707371879976 0.3800997508176425 0.5634600316510949 0.38755181312270653 0.5840588730771048
1 0.41321783281249996 0.5490446734375001 0.4043665525893587 0.5302454727666019 0.3727282510268587 0.5451418227666018 0.38157953125 0.5639410234375001
