0 0.8039172906291355 0.7233579591278427 0.7185008517268198 0.7093681604822887 0.7118910023948248 0.7497254097840351 0.7973074412971406 0.7637152084295893
0 0.7868460476418645 0.6671719085891964 0.6365949797322028 0.6386085680765203 0.6259878523317095 0.6944049907208073 0.7762389202413711 0.7229683312334834
0 0.60163031973846 0.6640978753231475 0.5425619345314465 0.6615157726635259 0.5410982051997771 0.6950001609312354 0.6001665904067907 0.697582263590857
0 0.5260069323639792 0.6931710231393381 0.5160973513753423 0.6295669190585624 0.3780423211087523 0.6510760264202207 0.3879519020973892 0.7146801305009964
0 0.42959301104353403 0.47801551938129727 0.3726170755963364 0.4203710080783011 0.33036326057516474 0.4621347524943106 0.3873391960223624 0.5197792637973069
0 0.6293678204505881 0.4774230564404373 0.4896865124413211 0.45534220909649675 0.48051027550688874 0.5133901978190046 0.6201915835161558 0.5354710451629451
0 0.2962310502014932 0.6858542838069541 0.2667247376040645 0.608507909680639 0.21235643834872509 0.6292484815734951 0.24186275094615378 0.7065948556998103
0 0.29537455434512266 0.48638599797751236 0.284672432430131 0.4237824853673325 0.1422082832429174 0.4481368487176918 0.15291040515790905 0.5107403613278717
1 0.8127791421874999 0.6949020156249999 0.8070610084154588 0.6629604683373167 0.775960337233142 0.6685280695752608 0.7816784710051832 0.7004696168629441
0 0.8185094875000001 0.6969215625000001 0.7672147823934434 0.6819242627203943 0.7587552715418788 0.7108580121855346 0.8100499766484356 0.7258553119651404
