0 0.37314484593624964 0.6903868959443733 0.3609722173474975 0.6051785533387481 0.12244212449874992 0.6392543038896886 0.134614753087502 0.7244626464953139
0 0.2800167453566129 0.7454990627529178 0.26742434723451575 0.6831900106644377 0.1337434961217173 0.7102063500579943 0.1463358942438145 0.7725154021464741
0 0.47903054726333016 0.6819151325241405 0.47294414537040363 0.6355063067070992 0.40820201965420405 0.6439970752101555 0.4142884215471305 0.6904059010271968
0 0.7097264144382179 0.6126555290578306 0.5196871933159374 0.5903656870063386 0.5095149333939648 0.6770925623318483 0.6995541545162454 0.6993824043833403
0 0.6884652096807702 0.39979421820883365 0.6311363891106265 0.38303140601035734 0.6125842307961252 0.44647979060167414 0.6699130513662689 0.4632426028001505
0 0.9113293890642973 0.38188900958024796 0.7430647556827107 0.3712651588531118 0.7385396792078456 0.44293506024978324 0.9068043125894324 0.45355891097691947
0 0.539277115625 0.3936011906250001 0.37988558125000005 0.3936011906250001 0.37988558125000005 0.47197420625 0.539277115625 0.47197420625
0 0.8991326051691159 0.6511095948483265 0.8539764556085239 0.5636195695211159 0.8017343020337215 0.5905832661410264 0.8468904515943134 0.678073291468237
1 0.6276700995472028 0.3890544727504596 0.6254957309575716 0.36223726204758144 0.5870868081682501 0.3653514992514419 0.5892611767578813 0.3921687099543201
0 0.6314327025756646 0.404235000312532 0.6259977107467489 0.3840206441218014 0.5810012752233324 0.396118741983174 0.5864362670522482 0.41633309817390457
