0 0.3718154166216319 0.7091908137682441 0.31043554317816585 0.6708368334343099 0.20229199257290023 0.8439045930797245 0.2636718660163663 0.8822585734136588
0 0.41606521619304526 0.6435546462329337 0.4071330461419379 0.5765632864405317 0.18934477855873225 0.605601685529871 0.19827694860983971 0.672593045322273
0 0.4687973010764506 0.502241609459133 0.25557995310034537 0.49676071935863914 0.25401022331633855 0.5578262790484556 0.46722757129244386 0.5633071691489494
0 0.49927265643514573 0.4321534520162521 0.44063147466379454 0.3789134336426749 0.347336929510482 0.4816726465006126 0.40597811128183314 0.5349126648741899
0 0.5421627795290362 0.5567697616511682 0.5075131129694765 0.5306126585836957 0.45476862480164737 0.6004819756543076 0.489418291361207 0.6266390787217802
0 0.526387695904357 0.4922729481181342 0.49310903911173903 0.48867525518561516 0.4886295916046747 0.5301101410983958 0.5219082483972926 0.5337078340309149
0 0.7127198094674524 0.5271358557701366 0.5192849361023646 0.4841503258481833 0.5057831459707685 0.5449083778961457 0.6992180193358564 0.5878939078180989
0 0.7600108441102591 0.5031963776344075 0.6280763784405483 0.41147051079976843 0.5892998530043692 0.4672449650567468 0.7212343186740799 0.5589708318913857
1 0.6303176363651819 0.4119059716420078 0.6040704920670145 0.39591633196293485 0.5586318319078173 0.4705043210515659 0.5848789762059847 0.4864939607306389
0 0.6012686045790366 0.448533974189814 0.5905966581423769 0.41299639856639037 0.5615449924609438 0.4217206239703216 0.5722169388976035 0.4572581995937453
