0 0.5777820187904602 0.7926354341475801 0.5625986051625537 0.7094723148392009 0.27688747972516337 0.7616357044725848 0.2920708933530699 0.8447988237809639
0 0.3535953591270376 0.7367517026448533 0.35233599160987994 0.6602548978279191 0.06390874677457567 0.6650032778952715 0.06516811429173337 0.7415000827122056
1 0.20438233132639957 0.7320226243539211 0.20200528091415082 0.6860628589975658 0.12138757330552849 0.690232426740564 0.12376462371777723 0.7361921920969192
0 0.21849973717139232 0.7657537342456826 0.21160790352845602 0.7225112814762549 0.11595222871988671 0.737756554479121 0.12284406236282304 0.7809990072485488
0 0.4553181896197681 0.5611608632415213 0.18812021190053033 0.5230616292993837 0.17746232452133048 0.59780764542156 0.44466030224056824 0.6359068793636976
0 0.5241550563231618 0.46935764641454514 0.47022078727550254 0.3992384922204949 0.3195769083804896 0.5151107897131542 0.3735111774281489 0.5852299439072045
0 0.5874724832548819 0.5576411146501026 0.4913869628800076 0.5411451535087658 0.4821078664571924 0.5951939476806092 0.5781933868320667 0.611689908821946
0 0.9222250161430793 0.5297461404301964 0.7913644290318103 0.497835813685869 0.7807555062068862 0.5413417884322571 0.9116160933181552 0.5732521151765846
0 0.8038690529970735 0.6923264702682598 0.5567292556231203 0.6135227107233756 0.5302087705500853 0.6966947236458773 0.7773485679240385 0.7754984831907614
0 0.834330309949571 0.6052622901182239 0.6843831064497736 0.4586757376340066 0.6149493690698331 0.5297013165306959 0.7648965725696305 0.676287869014913
