0 0.43450851787132405 0.33027303780844114 0.4070505056683837 0.2587664655374958 0.2352693902450696 0.32472918495936626 0.26272740244800996 0.39623575723031157
0 0.5234340923842166 0.3568064504903572 0.496188992328282 0.17327650698909908 0.41551069420401204 0.18525323548802758 0.4427557942599466 0.3687831789892857
0 0.7147591165250687 0.09923430753285248 0.626068887474885 0.07484271229030157 0.5668154147815321 0.290294141888667 0.6555056438317158 0.31468573713121784
1 0.7329240285387677 0.15196849413050728 0.6944492294967832 0.13806281287394045 0.6639623021393708 0.22241527154475138 0.7024371011813554 0.2363209528013182
0 0.7334173879956317 0.16715830211324204 0.6980248050742763 0.16695226836849075 0.6975411061075707 0.25004232630425155 0.7329336890289261 0.2502483600490028
0 0.4833350634268257 0.36839576715317746 0.4300881525557684 0.33127027704083606 0.398578753367068 0.3764623584146941 0.4518256642381253 0.41358784852703545
0 0.45451749729936947 0.557749491532828 0.4072002916758316 0.5084036776845648 0.38357901905466935 0.5310538789182916 0.4308962246782072 0.5803996927665548
0 0.5679122123689501 0.47841361569899893 0.35743861824143075 0.41983191736734077 0.3377249719986103 0.490659532411793 0.5481985661261296 0.549241230743451
0 0.6579080062023399 0.4994485690399902 0.5689837150527233 0.3644865641044767 0.5185303091713904 0.3977295005607419 0.6074546003210071 0.5326915054962554
0 0.7774437878526592 0.29820340391953765 0.7089696590777355 0.2536609678765093 0.617191584985519 0.3947494269368569 0.6856657137604427 0.4392918629798851
