0 0.6863621127271685 0.2326275852818888 0.6294402156536991 0.1900379493581675 0.6004902511599045 0.2287301537749359 0.6574121482333739 0.2713197896986572
0 0.6425343219090749 0.38717622215572167 0.6424748667847561 0.3522312756864958 0.5704451525561082 0.35235382661436426 0.570504607680427 0.3872987730835901
0 0.7971307093684662 0.3475813270736231 0.7896074563531525 0.23185353532466174 0.729475738539103 0.23576258880718096 0.7369989915544166 0.35149038055614235
0 0.5328161860958058 0.3335316731374327 0.515939268236355 0.2389209456189581 0.46433104956021937 0.24812695946447727 0.4812079674196701 0.3427376869829518
0 0.6317918670801967 0.29388229705150837 0.5697820672050846 0.2631810927029385 0.5230663109480389 0.3575368275341968 0.585076110823151 0.3882380318827666
0 0.7320119275253454 0.3356404151354318 0.6861679549933248 0.3272468944072576 0.669454256805259 0.41853425110255094 0.7152982293372796 0.42692777183072506
0 0.3927833492233043 0.22640622872271882 0.39180599759246126 0.15609062234020218 0.24045399357386638 0.15819433921856108 0.24143134520470944 0.22850994560107768
0 0.3861033302378682 0.33869595603164876 0.3771891985002086 0.28302676810137906 0.25313805755728186 0.30289068661151336 0.2620521892949415 0.35855987454178306
1 0.27780472389302185 0.29577387710396597 0.24269411189868267 0.2782041755214427 0.22630569634528816 0.31095415121081893 0.26141630833962737 0.3285238527933422
0 0.2873794471678663 0.27461783718267724 0.25416110468750003 0.26796417968749997 0.24735765624977493 0.30193035249030464 0.28057599873014116 0.30858400998548186
