0 0.9172332125317173 0.15943619413552512 0.7623368776003181 0.13872493936289104 0.7268611942487968 0.40404219757160903 0.8817575291801958 0.42475345234424317
0 0.6121099701627265 0.42709531084153324 0.4713836877246404 0.35704104417747173 0.3612431425256405 0.5782933705473475 0.5019694249637265 0.648347637211409
0 0.6993165166871955 0.2317442592819142 0.5522919399393794 0.1542638261833233 0.4493897498853866 0.34952797655094375 0.5964143266332027 0.42700840964953474
0 0.6992778252836416 0.5143282641134844 0.6059984426576923 0.4725311347243025 0.5673357096307501 0.5588154303228059 0.6606150922566993 0.6006125597119878
0 0.6127439122297186 0.5989000450159163 0.5157222330881462 0.5979969929899385 0.5143992667054038 0.740133233438032 0.611420945846976 0.7410362854640098
0 0.7762915068049739 0.8055727473765092 0.6123016646942634 0.7148216389170106 0.47730177810310864 0.9587702855269591 0.6412916202138191 1.0495213939864576
0 0.5044623724311936 0.7125482264563057 0.3848603543820318 0.5885483773434872 0.22077240112001184 0.7468167178947611 0.34037441916917366 0.8708165670075797
1 0.5717814691931509 0.806603301260353 0.36517955222030707 0.7871838637157413 0.36173171923495095 0.8238650962457956 0.5683336362077948 0.8432845337904074
0 0.4864022006280836 0.8089827274702743 0.48604907151893706 0.7673035802490841 0.4034724827874502 0.7680032154182097 0.4038256118965967 0.8096823626394002
0 0.868645484132743 0.38929923659458454 0.6738076854935813 0.3712886885136702 0.6447712718286305 0.6854041109560441 0.8396090704677922 0.7034146590369585
