0 0.6798910892710563 0.15279988420866036 0.5173340794483381 0.12318184166595551 0.5062762115808743 0.18387234587324236 0.6688332214035926 0.21349038841594722
0 0.8453166969668475 0.4612212129881579 0.7984241131679308 0.44803527442272023 0.7826338305046028 0.5041895746512619 0.8295264143035194 0.5173755132166995
0 0.617131894228344 0.6043866376820111 0.5033389838173857 0.585585134183689 0.49396449439274426 0.6423226411251898 0.6077574048037026 0.6611241446235119
0 0.6751102981164349 0.6163325560326538 0.673544223179109 0.5861013170305863 0.6182537851954325 0.5889655386787325 0.6198198601327582 0.6191967776808
0 0.7168123564717032 0.6666281619698607 0.7165624127580891 0.6076810669674423 0.6726060916604844 0.6078674477573947 0.6728560353740984 0.6668145427598131
0 0.7040933455817076 0.4824039437868045 0.6964657354932424 0.4268848629983529 0.573367667301387 0.44379695976718275 0.5809952773898522 0.4993160405556344
0 0.5696932075431975 0.4563489237376338 0.522576848662357 0.4228770507001684 0.5055148024369764 0.4468942753202757 0.552631161317817 0.48036614835774116
0 0.45695096031223476 0.4352402799610694 0.34856088453131484 0.4150397139141555 0.33862960046696333 0.4683279549385383 0.44701967624788325 0.4885285209854522
0 0.49586129076593355 0.4612828237922934 0.4483633380645459 0.44733960293439284 0.44277225064940773 0.4663857909206562 0.49027020335079535 0.4803290117785567
1 0.4787063750000001 0.4759829281250001 0.44791261250000003 0.4661076546875001 0.44042997823578933 0.48944052378371 0.4712237407357893 0.49931579722121
