0 0.508762798016554 0.64929805444993 0.43128704717317135 0.6451452508468247 0.4197222436889552 0.8609011398625798 0.4971979945323379 0.8650539434656851
0 0.494529253821529 0.5842698809393545 0.4534976009320687 0.5045852211889461 0.22176623701688403 0.6239095794475047 0.2627978899063444 0.7035942391979131
0 0.4817665794384166 0.5073960493609668 0.4614399503645477 0.42280442070801644 0.2384417123696007 0.4763889483974658 0.2587683414434697 0.5609805770504163
0 1.0085790646699326 0.4179776779361811 0.9028168625341009 0.32465808608717284 0.8471652849450075 0.3877298728527957 0.9529274870808393 0.48104946470180393
0 0.7449147314748925 0.3652269031405642 0.5610253107798004 0.32349313571122706 0.5445642233209657 0.3960248054662205 0.7284536440160576 0.43775857289555764
0 0.7265237672944089 0.47229255452289065 0.7238174525022109 0.3992219784094343 0.5056789991884738 0.40730117190085496 0.508385313980672 0.4803717480143114
0 0.5567476117073837 0.46847841416202385 0.5090904049934127 0.4638163009027242 0.5010970167172049 0.545526576101292 0.5487542234311759 0.5501886893605916
0 0.5165336954278359 0.4245875326313935 0.4762885604883341 0.41641273575897736 0.4670727941850291 0.4617826408753851 0.5073179291245309 0.4699574377478012
0 0.5513291666452712 0.35143104661192626 0.5298841000291965 0.32105053381332116 0.4947257969687263 0.3458681580660148 0.516170863584801 0.3762486708646199
1 0.578125 0.30156250000000007 0.53125 0.30156250000000007 0.53125 0.3312500000000001 0.578125 0.3312500000000001
