0 0.3984375 0.2156250000000001 0.3703125 0.2156250000000001 0.3703125 0.2671875000000001 0.3984375 0.2671875000000001
0 0.7226686963082363 0.6099599043167185 0.6059833681341346 0.4366863520120624 0.5275780916140553 0.4894857856223399 0.644263419788157 0.662759337926996
0 0.16825574664702966 0.3628114968706633 0.10040441211364048 0.35037654051859 0.07463867759328718 0.4909672609795841 0.1424900121266764 0.5034022173316572
0 0.6262829743244176 0.26567111075026467 0.5316740836533708 0.17254508320385087 0.4747063091067686 0.23041996626128763 0.5693151997778154 0.32354599380770144
0 0.7447536892751512 0.373296686492928 0.6801716319056531 0.2364560117198208 0.6101419771598187 0.2695065589190403 0.6747240345293166 0.4063472336921475
0 0.41483346803527776 0.29107978650146327 0.34551321775653865 0.22436515194254897 0.24223425790364264 0.33167778871054865 0.3115545081823818 0.39839242326946295
1 0.3853765390088381 0.24647531129693312 0.3621326964574395 0.19292630877804234 0.3427503992254154 0.20133951992957871 0.365994241776814 0.2548885224484695
0 0.4671253998986439 0.3545338877474674 0.4529531713326751 0.29909869832936115 0.39546817927339645 0.3137949671638084 0.40964040783936523 0.3692301565819147
0 0.49782541731905267 0.4158410636657791 0.44484582698514397 0.3400368660606323 0.40814350989745646 0.3656881332073329 0.461123100231365 0.44149233081247974
0 0.4066323226577554 0.36222603929501435 0.3548008310539899 0.3621688627790424 0.35460025151124874 0.5439976557504023 0.40643174311501423 0.5440548322663741
