0 0.7699211406500143 0.6783209361237243 0.7248193760721073 0.6754978127060757 0.7230996616433536 0.7029716931684029 0.7682014262212606 0.7057948165860516
0 0.259083066398392 0.45550422880887903 0.08311880750919584 0.3513428801140469 0.031044828226263154 0.43931369929745123 0.20700908711545934 0.5434750479922834
0 0.2897158914232506 0.5505958258444267 0.2840402641108771 0.4966026522819315 0.16682943206658296 0.5089235616814618 0.1725050593789564 0.5629167352439569
0 0.5030241226562389 0.538040974885168 0.35704753869787004 0.5201040220709523 0.34877519731632345 0.5874269474710003 0.4947517812746923 0.605363900285216
0 0.5265776946891291 0.37696199441114137 0.4343111047567964 0.3312563398485445 0.40857239305591325 0.38321540663402176 0.5008389829882459 0.42892106119661866
0 0.5249817731876381 0.25126877505621387 0.4772229434792442 0.2302436718005731 0.4329037283935732 0.33091541739679853 0.480662558101967 0.3519405206524393
0 0.9631322176677388 0.2015038082160241 0.8899457878439279 0.11831475701185204 0.7032417176342339 0.28256959745576327 0.7764281474580449 0.3657586486599353
0 0.6711214957976528 0.3577755210422993 0.6419066609448947 0.29151641533931827 0.5129004856148075 0.3483975649906466 0.5421153204675656 0.41465667069362766
0 0.5720872364026424 0.3113119263738002 0.5111940968389971 0.31127039597457157 0.5111711291561938 0.3449463138652674 0.5720642687198391 0.3449878442644961
0 0.5914051293941281 0.5999107244460437 0.5347483056865932 0.5811263267892135 0.5270626207135248 0.6043076130112103 0.5837194444210599 0.6230920106680402
1 0.5674630221458359 0.6162700863001871 0.5305188421765852 0.6008663040340247 0.5189565623330152 0.6285970872932789 0.5559007423022659 0.6440008695594412
