0 0.35466089700897824 0.5467610802530064 0.35246369709818237 0.5033576767780741 0.26286228371380327 0.5078935472797743 0.2650594836245991 0.5512969507547065
0 0.35810681177264964 0.3215996101062354 0.3464905970438072 0.28385033952387406 0.27212066361972964 0.3067354735329922 0.28373687834857203 0.34448474411535346
0 0.8193614755823189 0.3963669465811328 0.6579253839878366 0.3556470089202254 0.6365019058528787 0.4405813869457537 0.7979379974473609 0.4813013246066612
0 0.7713027131782652 0.28012788106848185 0.7550071958457331 0.20938335146215 0.6193475982422232 0.24063160961544866 0.6356431155747554 0.31137613922178053
0 0.22181633173435983 0.4743576626439364 0.17904729754786558 0.4056895360672306 0.0374140313565406 0.4939039421631223 0.08018306554303482 0.5625720687398281
0 0.19343454029377694 0.40219477698322476 0.18316291340921048 0.34407723118926914 0.06011643120279612 0.3658243221480581 0.07038805808736259 0.4239418679420138
0 0.31664546755048156 0.3159599723275936 0.28484283395502386 0.2577550783047357 0.18103437277677664 0.31447509318292777 0.21283700637223432 0.37267998720578566
0 0.6377596522210719 0.2328786155135838 0.5037882768741425 0.22971762329160392 0.5023305638941233 0.29149943073683454 0.6363019392410527 0.29466042295881445
1 0.23177807499999997 0.46098191249999987 0.22039876105271894 0.43160921146243314 0.17412208605271892 0.4495373145874332 0.18550139999999998 0.4789100156249999
0 0.2509090910888773 0.49887888082920717 0.239822646875 0.4597626984375 0.17414074505460708 0.47837849108058605 0.18522718926848447 0.5174946734722933
