0 0.8196210282628126 0.6283909783886477 0.7584380164179978 0.568801835257076 0.6355911472691436 0.6949345677522769 0.6967741591139583 0.7545237108838486
0 0.5588191229067049 0.5514694355839275 0.5251852723571291 0.5072284814865957 0.4199402263799876 0.5872402312262311 0.4535740769295635 0.6314811853235629
0 0.7179651286814275 0.5061152830237468 0.6439261630200772 0.48398527333565794 0.6315829262776911 0.5252812553166925 0.7056218919390413 0.5474112650047813
0 0.6220358828981071 0.68092294945709 0.6025092916331498 0.635851797632456 0.5142300628445138 0.6740978230379833 0.5337566541094712 0.7191689748626174
0 0.8356405008815647 0.5161357928491024 0.79526160540928 0.4737141145727584 0.7008765554210259 0.56355412615352 0.7412554508933107 0.605975804429864
0 0.3306045450745249 0.6085433280148411 0.23663329136604822 0.543521495025746 0.20282106631402255 0.5923878070435092 0.2967923200224992 0.6574096400326044
0 0.40938912418490725 0.49155511307653815 0.3348932911495119 0.4254107248742597 0.29427852761157364 0.4711535418467522 0.368774360646969 0.5372979300490306
0 0.6235183661171915 0.5034150500179082 0.5661823882070106 0.4932516127317572 0.5461211964947319 0.6064247462379241 0.6034571744049128 0.616588183524075
1 0.2923761729642724 0.4824956628747169 0.27809567783767764 0.4534989386501488 0.23975999763628505 0.47237874348778763 0.25404049276287977 0.5013754677123557
0 0.3052860655627757 0.4970383308863072 0.2981728356133299 0.47941362368221485 0.25203656643338934 0.498033955236446 0.2591497963828352 0.5156586624405384
