0 0.825967596772931 0.21116878179497842 0.7199068733152167 0.1690637405652365 0.6457812962139309 0.3557827676571651 0.7518420196716452 0.397887808886907
0 0.8421683942793944 0.42516938871796917 0.7887360765831982 0.303155986343314 0.7219460652800196 0.3324047822413724 0.7753783829762158 0.4544181846160276
0 0.3730615962246362 0.4208455907461994 0.17791380093489342 0.3307199697945472 0.14709568290168798 0.3974500264161304 0.34224347819143075 0.4875756473677827
0 0.3060628155529573 0.6124236280029466 0.2613120221617541 0.5921523078139287 0.24101878315869046 0.6369514889918965 0.28576957654989366 0.6572228091809144
0 0.7407447070994237 0.5408986997521404 0.7119197211761182 0.510103873768311 0.6585561488407138 0.5600539602598873 0.6873811347640193 0.5908487862437168
0 0.7687775174293304 0.5859540292550205 0.7391605772351231 0.5389132581170113 0.6102515645334861 0.6200745662188213 0.6398685047276935 0.6671153373568306
0 0.6126975106878929 0.6853202142988762 0.5797542375409849 0.6175107085094067 0.5371621305438348 0.6382028430172997 0.5701054036907427 0.7060123488067692
0 0.44745486061484396 0.6889920860931926 0.41351059526035233 0.6295655379919828 0.2987878616807728 0.6950948180064584 0.3327321270352644 0.7545213661076683
1 0.3513301427128612 0.7134641431348744 0.3353522852081091 0.6305018814479568 0.3128729458372767 0.6348312195586218 0.3288508033420289 0.7177934812455392
0 0.3358787695807889 0.675791799777316 0.3194240404285576 0.6674258908843568 0.3056705762024614 0.6944772886034711 0.3221253053546927 0.7028431974964303
