0 0.5803312597212301 0.960000707410688 0.4858426220008658 0.687246403634808 0.39714653184358756 0.7179728582280609 0.4916351695639518 0.9907271620039408
0 0.8168343869800745 0.7739016316112879 0.7947299880533498 0.7005998887137675 0.7151243295237133 0.7246052556178502 0.7372287284504381 0.7979069985153706
0 0.28513143636421356 0.6762940333399076 0.2106186061265229 0.5877412271300363 0.036513905275773736 0.7342417681442819 0.11102673551346443 0.8227945743541533
0 0.23239342556714887 0.5083917251710064 0.1178563833474123 0.4797123436269766 0.0891579666544223 0.5943254066513031 0.20369500887415887 0.6230047881953328
0 0.27676546421072434 0.5209814717271255 0.24493838526515202 0.4710373617766808 0.18508713070425606 0.5091778072824921 0.21691420964982838 0.5591219172329368
0 0.5207813735593023 0.3817415853308778 0.49304580126291003 0.3027581030491856 0.3356604174775358 0.35802502170448663 0.363395989773928 0.4370085039861788
0 1.0047348816076567 0.4897226090222384 0.9987510182858708 0.39816839424641837 0.7959203395566187 0.411425141212714 0.8019042028784046 0.502979355988534
0 0.5987583920914819 0.37826927982493386 0.5812046730153868 0.28109779756354963 0.5048178977725021 0.29489682545257123 0.522371616848597 0.39206830771395546
0 0.6795833313883965 0.7095671537174212 0.6480717314742287 0.6964868938873923 0.6135831910542248 0.7795730941204935 0.6450947909683926 0.7926533539505224
1 0.6447313946449018 0.76561545064242 0.6296785199937285 0.6972187087651786 0.5851665718453348 0.7070149762125355 0.6002194464965082 0.7754117180897769
