0 0.5002280700481886 0.17296715257457063 0.4857147321905183 0.1124327539513433 0.3265869114699707 0.1505842162140895 0.34110024932764094 0.2111186148373168
0 0.25478238818137616 0.5055024661502965 0.22931807102012072 0.452308636248829 0.18596136303367927 0.47306384348394903 0.21142568019493474 0.5262576733854165
0 0.5525589281582297 0.6290121067490999 0.5436849035437203 0.5730982085545485 0.42824330889155443 0.5914197991708396 0.43711733350606397 0.6473336973653909
0 0.42659205604510114 0.5865380851618489 0.37351210601975815 0.5768798748143248 0.3680250205654665 0.6070360022145995 0.4211049705908095 0.6166942125621236
0 0.3771360847401042 0.6638541883800052 0.3736197030939342 0.6050512820999254 0.3294921581264389 0.6076900851630797 0.33300853977260886 0.6664929914431593
0 0.45558068945302643 0.43351685930121686 0.33106339874117524 0.43210163809435576 0.3304231496512374 0.4884335257690836 0.4549404403630886 0.48984874697594466
0 0.5253188924757708 0.4352063860216739 0.5070806472421289 0.4114293621956696 0.4619997171645324 0.4460088395992571 0.48023796239817446 0.4697858634252614
0 0.6927601449688476 0.4452306437324351 0.6803457888547427 0.39230395940133733 0.5742945949333349 0.41717907304779694 0.5867089510474397 0.47010575737889476
0 0.5890266555755707 0.4472482794577523 0.5813035340306112 0.4292920532437227 0.5359592841359844 0.4487949905049834 0.5436824056809438 0.46675121671901304
1 0.5929657164269545 0.47301430148997187 0.5844544875000001 0.44957358125000013 0.5542620392603042 0.460536334791808 0.5627732681872587 0.48397705503177973
