0 0.6364435820494224 0.4508223615556994 0.6225468992832981 0.418237745151515 0.5406733014670756 0.4531551859972261 0.5545699842332 0.48573980240141046
0 0.7673045079004059 0.4129617418564876 0.6353893097631951 0.3688608999450317 0.6122307190215255 0.4381332755699593 0.7441459171587363 0.4822341174814152
0 0.9398308230216715 0.4703025087122363 0.7968233627064419 0.4042415881662323 0.764559610250948 0.47408556340551683 0.9075670705661775 0.5401464839515209
0 0.7451572715807101 0.4808170303212334 0.5498394041109805 0.4698989769412645 0.5453337486709905 0.5505026323242672 0.7406516161407201 0.5614206857042361
0 0.8483474911287943 0.5747361603409967 0.8139970404974445 0.5072537973323249 0.7658989603902525 0.5317370941897941 0.8002494110216023 0.5992194571984658
0 0.6980910668280795 0.5909775436684808 0.5651050326909238 0.5054385489807691 0.5212620078877788 0.5736005611067405 0.6542480420249346 0.6591395557944523
0 0.6451366150330277 0.7508072506841424 0.6141571489953807 0.6667706593062938 0.4119202880746222 0.7413237779148909 0.44289975411226923 0.8253603692927397
0 0.5005241885000288 0.6326000355695467 0.48459224621440755 0.5453987661706806 0.2714386028987987 0.5843425976846555 0.28737054518441985 0.6715438670835215
1 0.4162041469538959 0.7191231985021258 0.35015788729702285 0.6306782661844144 0.3263509393271965 0.6484561063166742 0.39239719898406966 0.7369010386343856
0 0.4096213053179416 0.6743113510228864 0.3728270249932882 0.6297278218521518 0.35107686134203 0.6476779849140926 0.3878711416666834 0.6922615140848273
