0 0.3141722364150725 0.4224646600995303 0.22930606197737693 0.4092102843479572 0.1887217280660727 0.669066895154065 0.2735879025037683 0.6823212709056381
0 0.2919372534618892 0.3958037870177069 0.2805060298189563 0.29204720080109 0.11458491282468967 0.31032730681274034 0.12601613646762258 0.4140838930293572
0 0.3900398636169007 0.11953315370133843 0.3005942940095246 0.0981830110123168 0.2554909490816134 0.2871416721808644 0.3449365186889895 0.30849181486988597
0 0.48420759636425775 0.404174315815935 0.43427827764021 0.40370706583833976 0.43293628330433237 0.5471096685880553 0.4828656020283802 0.5475769185656505
0 0.6190852802460103 0.42953256174800936 0.4903717948155135 0.39304116922745863 0.46606352992053723 0.47878197776575016 0.5947770153510341 0.5152733702863008
0 0.5506412884275267 0.5491147889399942 0.5499335558014911 0.49293949754748045 0.509803891932871 0.49344507698797174 0.5105116245589066 0.5496203683804854
0 0.7105918007325728 0.6515404957681288 0.6464938830004396 0.5413309826869322 0.5914457890901993 0.5733469865338028 0.6555437068223323 0.6835564996149994
0 0.9533189156160026 0.5397585948203074 0.805692940348058 0.4261176398007726 0.7351100917903592 0.5178087194272044 0.8827360670583037 0.6314496744467393
0 0.5577323418054922 0.08941839992306913 0.5277820640577567 0.07024910545906901 0.48183732850226446 0.1420335727235 0.51178760625 0.16120286718750013
1 0.5187799777483662 0.12230667409555966 0.5174750524871338 0.047232256782600346 0.4899074147001422 0.047711430757281834 0.4912123399613746 0.12278584807024115
