0 0.613071696681491 0.11265618521766471 0.6128324283958573 0.04514877878925622 0.41023062141584543 0.04586686573092849 0.41046988970147913 0.113374272159337
0 0.4298873192226882 0.1656941324769507 0.42430956970825173 0.11872876971693799 0.25213627438998315 0.13917659462287163 0.2577140239044196 0.18614195738288433
0 0.4072970898610132 0.26734263943306225 0.3932394140436805 0.2036970832891794 0.34708424066393656 0.21389158081542323 0.36114191648126925 0.2775371369593061
0 0.5500437209746709 0.2523145330181255 0.5190096362590529 0.21868297441341028 0.42201339259954407 0.30818788491148885 0.4530474773151621 0.34181944351620414
0 0.6703629733074171 0.18024209432968938 0.5895065103996066 0.13729905004083987 0.564663548786562 0.1840752867387787 0.6455200116943726 0.22701833102762822
0 0.7746788223323009 0.35484593554940824 0.6224387309226356 0.290958046264645 0.59428899632188 0.3580367714620812 0.7465290877315452 0.42192466074684437
0 0.659186915146868 0.518593943922149 0.6271767716546373 0.39820110986545 0.5544300713993792 0.4175430610040073 0.5864402148916099 0.5379358950607063
0 0.6771502206414782 0.5727390077121084 0.664704303195569 0.5308983323544681 0.5616963606167393 0.5615390507140721 0.5741422780626486 0.6033797260717122
0 0.5974938635082234 0.5478319852961191 0.5570471253356181 0.5158132229997318 0.5361083744365873 0.5422634701215593 0.5765551126091927 0.5742822324179466
1 0.560631903125 0.5589166437500002 0.5420501921875001 0.5307651015625001 0.5188622674163612 0.5460705264826706 0.5374439783538612 0.5742220686701707
