0 0.551935912479028 0.2755542044945445 0.5374675349591856 0.19201417948760646 0.32567719394372296 0.22869435295671123 0.34014557146356517 0.3122343779636493
0 0.7736671846658122 0.38729043308356753 0.6121739726812422 0.35988294631680956 0.5985019989565039 0.44044235585940894 0.7599952109410739 0.4678498426261669
0 0.6056089309796706 0.2876325580726511 0.5160560018987044 0.28501621464182264 0.514675663356369 0.3322628253630849 0.6042285924373353 0.33487916879391333
0 0.37592092611982875 0.3591292225155137 0.36199668705534166 0.2969995915757401 0.20046651249522435 0.33320107438969193 0.21439075155971135 0.3953307053294656
0 0.7319300781823295 0.6145343637893016 0.7109747576819835 0.5636072109134759 0.6194781960020436 0.601255884880344 0.6404335165023894 0.6521830377561697
0 0.6925412743620913 0.5814740099698785 0.6442875072547873 0.49264704756238614 0.5797701499280616 0.5276950268070297 0.6280239170353659 0.6165219892145222
0 0.5153996423432716 0.3905646705173691 0.4719654023724516 0.35985578034825527 0.4045277407015756 0.45523869923438987 0.4479619806723957 0.4859475894035038
0 0.37389473363900605 0.42054883162320655 0.32655692463828234 0.3629456312689756 0.29208081862287655 0.3912777953086445 0.3394186276236003 0.44888099566287537
1 0.626543273618441 0.6442747315274903 0.6170377389165352 0.6068586071706692 0.5927473976770776 0.6130295477889671 0.6022529323789833 0.6504456721457882
0 0.6427614263696302 0.6185090860636914 0.6066035983043101 0.5976149328723297 0.5980626520218 0.6123952431519447 0.6342204800871201 0.6332893963433064
