0 0.8848231027641642 0.7280477429214288 0.8446877508581381 0.6574222693845932 0.6520837563345918 0.7668761068116383 0.692219108240618 0.837501580348474
0 0.6715335723343996 0.7574619806246136 0.6490160766492461 0.6900574421566502 0.4211709268585187 0.7661725271925685 0.4436884225436722 0.8335770656605318
0 0.49795200847158405 0.7142324912841838 0.4414274806120126 0.6386177891538943 0.3948882366533235 0.6734074361087099 0.45141276451289497 0.7490221382389993
0 0.6755880773941333 0.5984111987473171 0.44946563096449943 0.5948037756157027 0.44827858940665716 0.6692105561013649 0.6744010358362911 0.6728179792329793
0 0.6530373486025203 0.5839310221850976 0.6459215137316449 0.5340327868562206 0.4955330413478192 0.5554792273748733 0.5026488762186946 0.6053774627037504
0 0.7642319289074161 0.642702158296971 0.7106230885677383 0.6275887482162934 0.6966547310853883 0.6771359676777845 0.7502635714250662 0.692249377758462
0 0.5254244296062149 0.44814894165254665 0.41530610268484125 0.3854467861699666 0.38223094640305033 0.4435337984007607 0.492349273324424 0.5062359538833408
0 0.6517737238748796 0.4691487053091633 0.5471019298944262 0.4158399825052694 0.5267729695856257 0.4557559405954182 0.6314447635660791 0.5090646633993121
1 0.5206018057658529 0.3935294790683662 0.511412604317 0.36767027421618126 0.4749010879007137 0.3806448293685995 0.48409028934956677 0.4065040342207845
0 0.5438544707911909 0.3982403459785816 0.5282674094841908 0.3755847871017239 0.47598864806799995 0.4115526598731424 0.491575709375 0.4342082187500001
