0 0.8612743012209745 0.7412444207486535 0.7500340723564491 0.5680096294689292 0.6562866837724034 0.6282081662899874 0.7675269126369286 0.8014429575697116
0 0.822588795966485 0.5191460115935207 0.7489940960274645 0.5158381033881294 0.7430908151699113 0.6471749351234636 0.8166855151089318 0.6504828433288548
0 0.37658914910740715 0.6074889682719967 0.333231989723788 0.5460479644021604 0.16176167162175004 0.6670496642972331 0.20511883100536918 0.7284906681670694
0 0.2715336544563132 0.42846729768599773 0.24252869908598776 0.38750045897741137 0.20340250459348033 0.41520221876264946 0.2324074599638058 0.4561690574712358
0 0.7106348786790291 0.42929658337226123 0.6480669419189762 0.388365831710703 0.6254545732493726 0.4229317557526877 0.6880225100094254 0.46386250741424595
0 0.7283869074638902 0.3798785941997262 0.5864417955460267 0.3206521702436147 0.5653499396594103 0.37120200331474146 0.7072950515772738 0.43042842727085295
0 0.5555282445892361 0.3052391538004936 0.509225508794647 0.29373912916346495 0.49116907877946164 0.36644002631585915 0.5374718145740507 0.37794005095288774
0 0.39418231374041535 0.3300873801767897 0.2687571919423196 0.28381066696681 0.24537443833667577 0.3471856241651592 0.37079956013477156 0.3934623373751388
1 0.29639427031982934 0.40543174474875904 0.2947301074288904 0.32091685888394655 0.2719545283946198 0.32136532749466096 0.2736186912855588 0.40588021335947344
0 0.28749521011457513 0.3609928824720289 0.2684698077124533 0.33642917782487297 0.2542332149030609 0.34745589024160956 0.2732586173051827 0.37201959488876546
