0 0.7807384858618809 0.7701037673375428 0.7049424004955902 0.6202342332068522 0.646773140629037 0.6496531688972403 0.7225692259953277 0.7995227030279308
0 0.6531304652716302 0.7122539723441701 0.6141266622680175 0.6581153603484241 0.47380007970923294 0.7592127136149447 0.5128038827128456 0.8133513256106907
0 0.6505649249177867 0.6733469711353608 0.6466227070366573 0.6145104302963018 0.4482563796374112 0.6278015461867886 0.4521985975185407 0.6866380870258476
0 0.608701651546524 0.6126102365111766 0.6026220116453882 0.5832253047366831 0.5274880015432794 0.5987702693891318 0.533567641444415 0.6281552011636253
0 0.5943796028901002 0.5346834522125297 0.5764841047982412 0.4992652785387278 0.5024615802764106 0.5366661326464268 0.5203570783682696 0.5720843063202286
0 0.7138425216173643 0.5922377285474614 0.6377269281414041 0.4874057919746747 0.592001651999994 0.5206056606801345 0.6681172454759541 0.6254375972529211
0 0.5002512287659087 0.4512231385232096 0.47845037285534087 0.4234981357434039 0.4622340101485232 0.4362494631128763 0.48403486605909096 0.463974465892682
1 0.5211640209174679 0.4711474874278846 0.49672619110456734 0.42227182484134607 0.4744047618197115 0.4334325388076922 0.498842591632612 0.4823082013942307
0 0.48282666808659014 0.5240696982177442 0.4469509735531109 0.43414126816627546 0.40679145656342613 0.45016234807737165 0.44266715109690546 0.5400907781288403
0 0.6328811662916635 0.4678746581039649 0.5789861227535559 0.38029526540744707 0.5392624334447678 0.40474062748263434 0.5931574769828755 0.49232002017915216
