0 0.5154049782955006 0.18076305514057084 0.4405239923887169 0.055896255612612 0.40058843271205474 0.07984508822970875 0.47546941861883846 0.20471188775766755
0 0.5165064398557531 0.4246531979960995 0.5163034452919903 0.3571434866209001 0.47164202056861193 0.35727777880263306 0.47184501513237465 0.4247874901778325
0 0.9327946682094043 0.508949231602722 0.7847128496216296 0.49909173908103754 0.7797384986027798 0.5738177349207334 0.9278203171905546 0.5836752274424178
0 0.9178379842638315 0.188082581897111 0.8287968993154828 0.1562800295111274 0.7409622906321923 0.40220019208967395 0.8300033755805408 0.43400274447565756
0 0.8007642541927051 0.6869812505095785 0.7330372308297726 0.6201904230602888 0.5935402367889128 0.7616427232528153 0.6612672601518454 0.8284335507021051
0 0.5756788078756203 0.7009449285740098 0.5487494554313054 0.6786678027915525 0.48991099034762636 0.7497937540921753 0.5168403427919414 0.7720708798746326
1 0.5765969193761754 0.7867875584338757 0.5716120145531286 0.7068174230839923 0.5300202062393823 0.7094100309988761 0.5350051110624292 0.7893801663487594
0 0.5567011418552735 0.4784428018814772 0.43037878059485485 0.3915123530648559 0.3907498832052099 0.44909880246841194 0.5170722444656286 0.5360292512850333
0 0.5965182508529299 0.3541507088162527 0.55207168205144 0.3507222286644431 0.5387174423873177 0.5238456261295587 0.5831640111888076 0.5272741062813683
0 0.31522874293322717 0.24126728883963094 0.14638973048795584 0.0577807380461689 0.08327199186854597 0.11585985398243973 0.25211100431381733 0.29934640477590174
