0 0.9916763213711528 0.09135637919188566 0.8917796502261949 0.027811188623515726 0.7617517828505691 0.2322224271566271 0.8616484539955271 0.29576761772499705
0 0.6970348392914097 0.20040784221725055 0.6637645782140413 0.11624490766364733 0.5693018904004981 0.1535867411238968 0.6025721514778665 0.23774967567750008
0 0.6985448767959925 0.5988605868272129 0.6379481555311013 0.5206468413892453 0.48556413520454517 0.6387075729556095 0.5461608564694364 0.7169213183935771
0 0.6147881146978514 0.5466958811640658 0.5783795445800698 0.49537253102265566 0.5348622314447183 0.52624353110859 0.5712708015624999 0.5775668812500001
0 0.5534219774612702 0.45415724752700937 0.48772998443949034 0.43580214750021024 0.4254951820913179 0.6585374197460097 0.49118717511309784 0.676892519772809
1 0.34859547341795505 0.5017710700249446 0.31233826602085074 0.41497379107931476 0.2769196862049951 0.42976894145377276 0.3131768936020994 0.5165662203994026
0 0.38106684936182933 0.46661726444585083 0.3708981974111164 0.46649901309575215 0.37071340958166765 0.48238925976797936 0.3808820615323806 0.482507511118078
0 0.3769354133957106 0.4607780518001256 0.33601748399881765 0.41791697578421927 0.3027688582963807 0.44965824421460454 0.34368678769327365 0.49251932023051087
0 0.24994553345415307 0.3745769772542194 0.1250781844908534 0.369659271394248 0.12030472382336552 0.49086403554686886 0.24517207278666517 0.4957817414068403
0 0.28100161375914606 0.7402605564864714 0.2230295127895984 0.5339863192460901 0.12107266864423596 0.5626406608759826 0.17904476961378363 0.7689148981163638
0 0.3747505002356012 0.17896341579475922 0.2859682119599157 0.1538189064019701 0.23408692290171174 0.3370056009334039 0.32286921117739725 0.36215011032619304
