0 0.8213554801407476 0.31300040121983497 0.7000048241710001 0.2516341660753039 0.6734354212138377 0.3041746954068242 0.7947860771835852 0.3655409305513553
0 0.6198068996366562 0.3371328320914534 0.4511841103236581 0.3357283600955661 0.4506754173970446 0.3968027143301463 0.6192982067100428 0.3982071863260336
0 0.7236298663145823 0.5006077924070318 0.5824009430221264 0.42697211623751913 0.5598347518267295 0.4702527520804084 0.7010636751191853 0.5438884282499211
0 0.42349579971214146 0.6777695986125417 0.310525651968831 0.5686242378004269 0.27380691498844884 0.606629711516916 0.38677706273175927 0.7157750723290307
0 0.701602828928035 0.7653624420383844 0.5964431665177979 0.6215581957675846 0.555916345847592 0.6511942245411276 0.661076008257829 0.7949984708119274
0 0.3756333057734611 0.5485531281739614 0.289645390201539 0.43095642888284474 0.2431811828370094 0.464931535021553 0.3291690984089315 0.5825282343126696
0 0.565553919533168 0.5318266552075757 0.5230644418384502 0.4631506775964002 0.4901245514020873 0.48353042010092534 0.5326140290968052 0.5522063977121008
0 0.4952867507001387 0.47177253376324507 0.48973460846450567 0.4276014701971178 0.4287501728499664 0.4352669922234286 0.4343023150855994 0.47943805578955584
1 0.4533643291091102 0.34693672146608723 0.44796686997386204 0.3329919929400879 0.42996462475248354 0.33995995812807595 0.43536208388773173 0.35390468665407526
0 0.45625 0.3531250000000001 0.409375 0.3531250000000001 0.409375 0.3921875000000001 0.45625 0.3921875000000001
