0 0.5273124760387136 0.3191886667488698 0.5248939567601332 0.2731449068440036 0.440692316630683 0.2775677274468805 0.4431108359092633 0.32361148735174666
0 0.3842768590488723 0.42078484437528807 0.32545876582765726 0.3851260962645216 0.304124984300739 0.42031556356476163 0.36294307752195404 0.4559743116755282
0 0.3338155641920199 0.35998854407199665 0.30283064057762377 0.3169538193321365 0.20508141701967048 0.38733308267396493 0.23606634063406662 0.4303678074138251
0 0.43146192309454834 0.26591276599832364 0.3991752806703427 0.19842462858836388 0.2503712034542967 0.26961319915379417 0.2826578458785024 0.33710133656375396
0 0.4815939122722754 0.36629311332003534 0.4282033253065694 0.34519444313921116 0.3884314920804598 0.4458378250417385 0.4418220790461659 0.4669364952225627
0 0.5884914765331655 0.41643708639655364 0.5679832532971206 0.3673440177149468 0.4562897455589049 0.4140030563985569 0.4767979687949497 0.46309612508016373
0 0.784590471542774 0.46671417806337157 0.7172229068406171 0.38368062973047656 0.6742301811450758 0.41856189505235175 0.7415977458472325 0.5015954433852468
0 0.6661531635801474 0.5648711595863094 0.623145005820793 0.48768942519462416 0.5818646827186763 0.5106921558578551 0.6248728404780307 0.5878738902495403
1 0.7253012641571954 0.5695153322834137 0.7207921941173557 0.5390722388170104 0.674427928125 0.54593946875 0.6789369981648397 0.5763825622164033
0 0.7187567671874999 0.5375775265625 0.7141608169599745 0.5060173367964544 0.6640087091474745 0.5133207336714545 0.6686046593749999 0.5448809234375
