0 0.5925005093085554 0.20058391846710308 0.44654460393220746 0.14368658982176374 0.33721684132736407 0.42413969638544824 0.4831727467037119 0.48103702503078766
0 0.5082091677180479 0.46687106457004124 0.3591080001248582 0.4649554237275725 0.3560664094823663 0.7016932850646848 0.5051675770755558 0.7036089259071535
0 0.5934904771037324 0.8342744910200528 0.5921264371974109 0.8003191078558833 0.5153327042545698 0.8034040300840607 0.5166967441608912 0.8373594132482302
1 0.5864926250981565 0.832163363785287 0.5186691891693582 0.8311656122338347 0.5178490193435905 0.8869177035713204 0.5856724552723888 0.8879154551227726
0 0.4375834968946739 0.7301493910404278 0.35209302890607647 0.7127482235714779 0.31738364565490274 0.8832724957522526 0.40287411364350023 0.9006736632212023
0 0.9353860532978734 0.25494364596962943 0.7578484818394545 0.17367129511667695 0.6366250790898178 0.4384810157932195 0.8141626505482366 0.519753366646172
0 0.8078040879383579 0.5566700000041698 0.6670189878886832 0.5056716842926086 0.6028063798626256 0.682935939381521 0.7435914799123005 0.7339342550930821
0 0.6167110433342146 0.5676000254626765 0.5741983522415609 0.4968610849332715 0.493791634905441 0.5451839168883792 0.5363043259980946 0.6159228574177842
0 0.6125993253675622 0.6639173787043497 0.5493909372549313 0.6182034695671286 0.48162508785859925 0.7119029625719359 0.5448334759712302 0.7576168717091571
0 0.7373448395501343 0.7231843907779236 0.609480540118582 0.7103386764991763 0.5924269216323823 0.8800878187573471 0.7202912210639346 0.8929335330360942
