0 0.5536026835419817 0.669578595125144 0.47586124941311925 0.6676777478139002 0.4705592047094907 0.884522392113985 0.5483006388383532 0.8864232394252287
0 0.7587771489559852 0.6468429207335336 0.5175466515033509 0.5469920734403872 0.4842242278305028 0.6274959956087107 0.725454725283137 0.727346842901857
0 0.7455154849239107 0.5060188830639393 0.5193097931240002 0.4582092027592897 0.5021623954500439 0.5393400308403181 0.7283680872499545 0.5871497111449677
0 0.14139864168224045 0.39413517908128176 0.08795036944995933 0.3286049904639611 -0.014031732500633276 0.4117844725146934 0.03941653973164785 0.477314661132014
0 0.44417208105750666 0.4140721244242208 0.4289532103649839 0.3408135469561864 0.24472010326379595 0.3790864691334986 0.2599389739563187 0.45234504660153296
0 0.4834658229738885 0.4296839540654722 0.2652424493037793 0.4102054123559455 0.2588133583142016 0.4822322584258222 0.4770367319843107 0.5017108001353489
0 0.4829443795156405 0.5657274080456518 0.4780280843175205 0.483676548894287 0.4302759928975333 0.4865377423074503 0.43519228809565336 0.5685886014588151
0 0.5193188148380556 0.48335504448900724 0.5116366624005849 0.4375588160163858 0.4711931091278756 0.4443430764613188 0.4788752615653464 0.49013930493394026
0 0.47930808944302356 0.3515505513921404 0.44152237430251445 0.348387721760777 0.43798616392221995 0.39063414464164464 0.47577187906272905 0.3937969742730081
1 0.459375 0.3187500000000001 0.4125 0.3187500000000001 0.4125 0.3515625000000001 0.459375 0.3515625000000001
