0 0.8660552692160352 0.18106759221491603 0.8545723975945038 0.10377691580383067 0.6337814394468066 0.13657924520926037 0.6452643110683379 0.21386992162034574
0 0.6610355820135153 0.26406618212797295 0.6524239122403277 0.1918534301641861 0.45720311727649243 0.21513431855811946 0.46581478704968005 0.28734707052190633
0 0.7776593300199517 0.3102558377964292 0.7505293967200293 0.2400175043643499 0.5884647482013714 0.30261584475405023 0.6155946815012939 0.3728541781861295
0 0.5689300795898663 0.3436583694180431 0.564818113972667 0.2743665821514896 0.5233959202805835 0.2768246892803417 0.5275078858977827 0.3461164765468952
0 0.86266236362748 0.24236819283165706 0.8579670062124979 0.19498645325058658 0.7859050394377064 0.20212753107984777 0.7906003968526885 0.24950927066091824
0 0.818474910231106 0.34969980343784707 0.8032882046901811 0.30122816776026845 0.6692154697932289 0.3432346550075792 0.6844021753341538 0.39170629068515783
0 0.9287430422677959 0.3739365014972573 0.874292518908832 0.3431917249296388 0.8266122011851269 0.42763593119236526 0.8810627245440908 0.4583807077599838
0 0.7945869598455799 0.48504416947524376 0.7643065290012683 0.43152304319550766 0.6998320459681906 0.46800051032693135 0.7301124768125022 0.5215216366066675
1 0.8389138578124999 0.49326419062500015 0.7972270874999999 0.49066895468750016 0.7957517985548411 0.5143662341959871 0.837438568867341 0.5169614701334871
0 0.8621678935008221 0.4786905561674956 0.8027694281250002 0.45958844218750006 0.7933263714049932 0.48895184553713167 0.8527248367808152 0.5080539595171273
