0 0.33920873713535826 0.3357334240139024 0.1793487352713466 0.17459135170218903 0.10576110995510524 0.24759350285652446 0.26562111181911685 0.4087355751682377
0 0.6084281775318405 0.43670598574867814 0.5593108544247912 0.39377020079102076 0.4848442409457526 0.4789578995496383 0.5339615640528019 0.5218936845072957
0 0.6016414238791828 0.3783978146063401 0.5712451542973076 0.278975264064818 0.5240113636352675 0.2934159621410319 0.5544076332171427 0.392838512682554
0 1.0085721659269518 0.494738069258832 0.9696875685463674 0.40545445923448276 0.7656803459842683 0.4943032267730613 0.8045649433648527 0.5835868367974105
0 0.864231245183794 0.5816598837956879 0.7443797401479119 0.575588526187211 0.7414825385732243 0.6327806719164989 0.8613340436091063 0.6388520295249758
0 0.6755225915353781 0.6740982884354094 0.660330329359441 0.6015239638321372 0.5115591330848858 0.6326668098783947 0.5267513952608227 0.7052411344816669
0 0.49899932390688956 0.45100625659026344 0.39246150817318637 0.37423554719302865 0.3479127643314239 0.436057639236281 0.45445058006512706 0.5128283486335159
0 0.4952178301058258 0.6856626657310667 0.4845552914063876 0.659977956211259 0.4189037074961443 0.687232013866945 0.4295662461955826 0.7129167233867528
1 0.4944846451484546 0.7248538683302537 0.49112667094518 0.6894138163672581 0.449907341118989 0.693319381922781 0.4532653153222636 0.7287594338857766
0 0.5074369072935899 0.4223312162433201 0.5054617413724113 0.3799406591231225 0.4432115309126477 0.3828411752436746 0.4451866968338263 0.4252317323638722
0 0.2302124809467923 0.8361833617568433 0.17987192227385299 0.826523983556642 0.1731598837877133 0.8615042649188013 0.2235004424606526 0.8711636431190023
1 0.30989986726312285 0.8502752080210975 0.28630441936361695 0.8501693407817011 0.2860676507496571 0.9029397873030574 0.30966309864916297 0.9030456545424537
