0 0.8936668029956083 0.6812615350651582 0.6905225209638157 0.6253725389439081 0.668805484015321 0.7043092203111808 0.8719497660471136 0.7601982164324308
0 0.6948108640228586 0.49625438113222736 0.6389960643467038 0.49538045366966194 0.6374545374694924 0.5938325764515576 0.6932693371456473 0.594706503914123
0 0.7665752665199831 0.650685623444737 0.7657350938795642 0.5894989022211733 0.6098787572482154 0.5916390108469503 0.6107189298886342 0.652825732070514
0 0.45867976363619006 0.6718063371023625 0.28017190369571515 0.6068030727947746 0.2537510658278302 0.6793583094566337 0.43225892576830505 0.7443615737642214
1 0.525037733757021 0.6619199334491029 0.5203592083880768 0.6103775642088995 0.48893054573023703 0.6132303588654944 0.49360907109918123 0.6647727281056979
0 0.6442665056840896 0.7668124852389091 0.6107869269086265 0.6868085965335168 0.42776506817515536 0.7633985577998115 0.46124464695061845 0.8434024465052039
0 0.6035526998433897 0.5539554704350175 0.4434071487687442 0.5398969923886519 0.43648366685718354 0.6187650478371479 0.5966292179318289 0.6328235258835135
0 0.5214947649708792 0.6611601908592121 0.46883170570863186 0.6148091637669841 0.4535301757531739 0.6321944393347493 0.5061932350154212 0.6785454664269772
0 0.6129935743679216 0.7003703174215354 0.594904793558128 0.6642721515692067 0.5360051025515402 0.6937867702548539 0.5540938833613336 0.7298849361071827
0 0.7899387180319203 0.7626969133316779 0.6682457659916353 0.7158414228002405 0.6463596537945543 0.7726839736249023 0.7680526058348394 0.8195394641563396
