0 0.3255808395277108 0.40698161644464514 0.32219955280416024 0.26879263251154417 0.2572719310916824 0.2703813185199339 0.260653217815233 0.4085703024530349
0 0.5792159165266235 0.4656858422789904 0.540676164767317 0.35470706244135447 0.2697918045657005 0.448777442498898 0.30833155632500703 0.559756222336534
0 0.741988223006672 0.42725180252491224 0.6596389105813876 0.38157344586779307 0.5572912117795286 0.5660867086348679 0.6396405242048129 0.6117650652919872
0 0.8911072038328429 0.6949193156514759 0.7736515099881116 0.49440857796298987 0.6945842626621468 0.540724792755897 0.8120399565068782 0.741235530444383
0 0.5412476517035307 0.5945676436067412 0.5023705628908426 0.5159939649817933 0.43047882783442504 0.5515649273905607 0.4693559166471132 0.6301386060155085
0 0.610656644251933 0.790017896427891 0.5859749605098192 0.6093146260731505 0.5049289571715889 0.6203844413511451 0.5296106409137028 0.8010877117058856
0 0.5212130693896201 0.640271263769294 0.3013293250978345 0.597747566586805 0.2804316062637341 0.70580657765255 0.5003153505555197 0.7483302748350391
0 0.7729012317185753 0.8090579411059957 0.7442570200994647 0.6646546683302164 0.6711136346610527 0.6791635819494336 0.6997578462801632 0.8235668547252131
1 0.7995874810273463 0.7433868006899053 0.7649510617782243 0.7381476083222545 0.7538124904198595 0.8117849555184931 0.7884489096689816 0.8170241478861439
0 0.828717806920628 0.7852344706397993 0.8114140751605767 0.7261089594978883 0.780849620117046 0.7350539837564695 0.7981533518770971 0.7941794948983805
