0 0.6812110721451685 0.7085275774771705 0.6164064495572914 0.6624442939326272 0.5288974954198319 0.7855037703793614 0.593702118007709 0.8315870539239046
0 0.42167310156244675 0.6710989867027675 0.29669845451951343 0.6305666702525892 0.2828207125498107 0.6733563762529445 0.407795359592744 0.7138886927031228
0 0.6838068803237933 0.6072171577982162 0.5459836387085697 0.552698469841745 0.5304455541757525 0.59197874710216 0.668268795790976 0.6464974350586312
0 0.3905196870577855 0.46912673541070793 0.3458660389640029 0.44832037605132974 0.29516807934749456 0.5571259969043584 0.33982172744127714 0.5779323562637366
0 0.38712600530010544 0.4345845348706715 0.3583488206785081 0.39055544049601687 0.3229477521335723 0.4136933927929844 0.35172493675516964 0.4577224871676391
0 0.26674107002403824 0.31138393065504794 0.24447751681971158 0.2445932548581733 0.2148644226081733 0.25446428387019254 0.23712797581250006 0.3212549596670672
1 0.3093801283707638 0.2708453094721558 0.3057881779092597 0.2277418586754855 0.26022167694760723 0.23153906310188788 0.2638136274091113 0.27464251389855815
0 0.38615426331946484 0.3579289480201863 0.3367427065165736 0.23800298010452212 0.2869284754677398 0.25852729814707265 0.3363400322706311 0.3784532660627368
0 0.6259490185903633 0.48318041236773546 0.5700549372802403 0.34903464539405127 0.5068857343077651 0.3753551521598878 0.5627798156178881 0.509500919133572
0 0.2915989539504074 0.2653075972917759 0.27451523082134716 0.2302620781055753 0.25689121332657966 0.23885330010182057 0.2739749364556399 0.2738988192880211
