0 0.5702774293027224 0.31128585984590473 0.48895177019746694 0.29340073015244406 0.4789808494767075 0.33873960738734016 0.5603065085819631 0.3566247370808009
0 0.6759676637837632 0.47465503808105713 0.6616858673874241 0.4370618859695126 0.5955732888741913 0.4621783322510421 0.6098550852705303 0.49977148436258656
0 0.7820583490726682 0.4578222738800794 0.6956165226291307 0.37660596790370837 0.6582958401497865 0.4163278922001967 0.7447376665933241 0.49754419817656775
0 0.7611492749044281 0.33110088601525717 0.6246535782077325 0.24245571005460836 0.5810114284007633 0.3096558208185404 0.7175071250974588 0.3983009967791892
0 0.5908940198607893 0.48214997000548887 0.5636659149669047 0.3787271435986354 0.5087919488818733 0.39317380065119967 0.5360200537757578 0.49659662705805313
0 0.5248956334620212 0.4440071117449082 0.4269093978597901 0.37587318087551413 0.39661652992062657 0.41943861232910296 0.4946027655228577 0.4875725431984971
0 0.3093579895834915 0.40618103455416243 0.27247293630865255 0.36461493171736004 0.1912791678348825 0.43666490203808817 0.22816422110972145 0.4782310048748906
0 0.38041283685129956 0.5148210006050314 0.3470384937319693 0.4829187833117845 0.2843686219859622 0.5484805523784883 0.31774296510529243 0.5803827696717352
1 0.2813034765625001 0.5311953203125 0.23694989687500004 0.516375690625 0.2272101252617958 0.5455257939334976 0.2715637049492958 0.5603454236209977
0 0.28729843593750004 0.5312126265625 0.28221675201564683 0.49380265945477253 0.2373051342384913 0.49990335035635425 0.2423868181603445 0.5373133174640818
