0 0.4173324143380661 0.593674922630607 0.36772661654684125 0.5422318729223565 0.2188502107633945 0.6857912638033679 0.2684560085546194 0.7372343135116182
0 0.8971993735981622 0.7029482783556339 0.7723641722293231 0.550439646186761 0.6915437641961056 0.6165947992955151 0.8163789655649449 0.769103431464388
0 0.8467022271039797 0.4920158640264928 0.7712878236994231 0.4873390017631456 0.7634854120864532 0.6131528880347885 0.83889981549101 0.6178297502981358
0 0.29519991660697925 0.4239953624958116 0.2642230337571557 0.38159575391215866 0.22493566902178555 0.41029885131186095 0.25591255187160905 0.45269845989551405
0 0.7238095240625 0.39728835968750015 0.6590608465625001 0.3649140209375001 0.6401124337500002 0.4028108465625001 0.7048611112500001 0.43518518531250017
1 0.33437806245129054 0.3202033028141195 0.30263442392904893 0.31127540701861023 0.27933126240038614 0.394131116015948 0.31107490092262774 0.4030590118114574
0 0.31025396875 0.3557824906250001 0.29096908308332015 0.32854002013080896 0.27078125183332014 0.34283094200580894 0.2900661375 0.37007341250000003
0 0.5632141675514887 0.2789144006722081 0.5165189404525756 0.27641285742221233 0.5124024071424194 0.3532544062454511 0.5590976342413324 0.35575594949544687
0 0.7376563507012245 0.3528379311606944 0.6002974527887878 0.3041126479690147 0.5823968929886358 0.35457518004895966 0.7197557909010726 0.4033004632406393
0 0.413371217278707 0.3208573979773103 0.2852977354783814 0.27589543148280016 0.2634168133064308 0.33822290748200556 0.3914902951067564 0.3831848739765157
