0 0.7836179179404487 0.33302195684413805 0.7804657638863006 0.3057032797694711 0.7356783215883429 0.3108710599452302 0.738830475642491 0.33818973701989713
0 0.28692645224898633 0.5819153335320388 0.2301309567043027 0.4967613700614491 0.060520734435675294 0.6098870101441647 0.11731622998035891 0.6950409736147544
0 0.3120673697426305 0.4854597779217279 0.19447652584524838 0.47930677473306804 0.19164520991647455 0.5334164215504514 0.3092360538138566 0.5395694247391113
0 0.5252671021131811 0.48687513335089355 0.5134871801266996 0.42012224341940635 0.36909644583608736 0.4456029617412639 0.38087636782256884 0.5123558516727511
0 0.559814814718125 0.6404067468220834 0.5250529097747917 0.5940575392170834 0.44291005186125 0.6556646813045832 0.47767195680458324 0.7020138889095833
0 0.564108233417099 0.7715586632460985 0.5140271602097015 0.6734629690930202 0.4677034073683103 0.6971127661337633 0.5177844805757077 0.7952084602868416
0 1.004113388692256 0.798300457977014 0.8083199612866772 0.6443013974766656 0.7401026845256257 0.7310324098732701 0.9358961119312046 0.8850314703736185
0 0.7037324632045784 0.6577583105099775 0.5717894391181109 0.6078143616158728 0.5462426705075207 0.6753043775388303 0.6781856945939883 0.725248326432935
0 0.6089815973475459 0.6829833174519059 0.5462293193992044 0.6766286574707198 0.5429752048609507 0.7087630439815331 0.6057274828092922 0.7151177039627192
0 0.6100731034815741 0.4205450659023512 0.6011701466492122 0.39779306562787653 0.5457162366382944 0.4194924222144166 0.5546191934706564 0.44224442248889134
1 0.5852885539365562 0.4054689750347501 0.5722607061532505 0.37837104941302224 0.5363001672671943 0.3956597686069939 0.5493280150504999 0.4227576942287218
