0 0.44589976351401966 0.755027775489646 0.38573533105658486 0.7167038544508463 0.3599518769189539 0.7571811032013687 0.42011630937638866 0.7955050242401682
0 0.4647225413544871 0.6278627273894095 0.46128252862593716 0.5931349754948887 0.3896459198179535 0.600231053780581 0.3930859325465035 0.6349588056751018
0 0.3166197156706988 0.7591298195960897 0.2995621055068381 0.644523999943375 0.24012903599087193 0.6533698520451009 0.2571866461547326 0.7679756716978157
0 0.5782773301708835 0.7243429104967687 0.5565411294068962 0.6301526044825002 0.5053885491440888 0.6419570332102286 0.5271247499080761 0.736147339224497
0 0.5157113863613769 0.6260310759404047 0.4611066506809981 0.592661516939018 0.4033265717310435 0.6872107418335567 0.4579313074114223 0.7205803008349434
0 0.360102833550162 0.5714937042603561 0.3137417441804935 0.567308327830348 0.3054099605012923 0.6595988479830233 0.3517710498709608 0.6637842244130313
0 0.8128956583196795 0.778362366709852 0.798960453911558 0.7101422575580576 0.6518723655019607 0.740187688494365 0.6658075699100822 0.8084077976461593
0 0.7815216472176286 0.6517126100954289 0.7730416481422095 0.5965094750081565 0.6498125468065015 0.6154392452782594 0.6582925458819207 0.6706423803655319
1 0.8103579901585135 0.6369363770900622 0.7738126646533446 0.6233381176821655 0.7610093125042523 0.6577471297336765 0.7975546380094212 0.6713453891415732
0 0.7905509818889593 0.6481035236392684 0.756908064339131 0.6446957090845765 0.7534106543251717 0.6792231385703082 0.7870535718750001 0.6826309531250001
