0 0.4429729977766552 0.6475484548467443 0.4301514980548145 0.5364286694274909 0.16162452377897663 0.5674125172903561 0.17444602350081737 0.6785323027096096
0 0.6218252296848112 0.6010294093257633 0.5069047269721622 0.5237664731237123 0.3531734176021306 0.7524256494883929 0.46809392031477975 0.8296885856904439
0 0.5506815315431428 0.514270869846498 0.3276980636913992 0.41021191731519285 0.2907518445676992 0.48938238620622465 0.5137353124194428 0.5934413387375297
0 0.8238523195473612 0.4619602069872396 0.7289993831721444 0.3512984395831888 0.549356131106942 0.5052783583762979 0.6442090674821588 0.6159401257803487
0 0.5973298928905164 0.47634562634598465 0.48737571506758465 0.4472750108714025 0.473015270222334 0.5015907135269476 0.5829694480452658 0.5306613290015298
0 0.6983107833941361 0.41300930540698094 0.6835002977490363 0.35006477057343577 0.5501832309805278 0.3814335066971245 0.5649937166256276 0.4443780415306697
0 0.9132402283511004 0.26291269464368405 0.8346552793142953 0.20482816491100064 0.7369543047603123 0.33701183139682445 0.8155392537971174 0.39509636112950786
0 0.6631895292901657 0.2505528114092148 0.5616984181149216 0.19510152748269435 0.4931751315737869 0.32051800118698137 0.594666242749031 0.37596928511350186
1 0.7372218122401867 0.3244662637362926 0.7198235331653464 0.19724132488083507 0.6805615101409612 0.20261048944688867 0.6979597892158014 0.3298354283023462
0 0.6912770314647044 0.2372690807021501 0.6565921234280936 0.23455932151491266 0.6547709726134068 0.25787004551788495 0.6894558806500176 0.2605798047051224
