0 0.29570628023068046 0.35833267427178356 0.2843076452925552 0.08903993732321144 0.13109575446222976 0.09552509704769484 0.14249438940035505 0.364817833996267
0 0.6327081737345773 0.5924197066868323 0.5607361499182593 0.3515616103827293 0.41724464686485946 0.39443903087915066 0.48921667068117747 0.6352971271832536
0 0.5525855609191335 0.3672142201845013 0.5001640586609946 0.14114649139857102 0.3458494431325733 0.17692959060441588 0.3982709453907122 0.4029973193903461
0 0.43328531956666794 0.5494534630288751 0.41542064747422397 0.44645245401076605 0.32453245447733897 0.46221625846707626 0.34239712656978294 0.5652172674851853
0 0.4958829396411639 0.5805720918814659 0.39912681696522023 0.5748805520896442 0.39086417777307525 0.7153453402742085 0.487620300449019 0.7210368800660302
0 0.4362514042991926 0.9992297573837792 0.42494473763676577 0.6969177413363792 0.2403076972435207 0.7038232871249931 0.25161436390594755 1.006135303172393
0 0.7793129748185424 0.7683326595161561 0.6253298215915318 0.5918418840210367 0.4977714748525302 0.7031328928354831 0.6517546280795408 0.8796236683306026
1 0.632500892836624 0.7918128533943285 0.4261380542159444 0.7866537826163238 0.4252013463889878 0.8241220970564168 0.6315641850096674 0.8292811678344213
0 0.5959338597584954 0.772228853954191 0.5139969974600025 0.7564267450968646 0.506245491898084 0.7966197376630717 0.5881823541965769 0.8124218465203981
0 0.35804148130396063 0.6496794654849372 0.35540242516684645 0.3310134188475748 0.1619859022411339 0.332615211907214 0.16462495837824812 0.6512812585445763
