0 0.5389779632354303 0.8038421483145115 0.4824011256820072 0.7777195092579927 0.42338633826329464 0.9055346979843055 0.47996317581671777 0.9316573370408244
0 0.5378703699375001 0.6139682536250002 0.4813888886875001 0.5716071426875002 0.4442460317500002 0.6211309519375001 0.5007275130000002 0.6634920628750002
0 0.4891698846805155 0.6715865518834849 0.4063971436430872 0.603804149272963 0.2344860576264009 0.8137340316066612 0.31725879866382917 0.8815164342171832
0 0.7229530101125866 0.520271499330192 0.6932068258366044 0.4421877524291105 0.5151952689683151 0.5100016674115289 0.5449414532442972 0.5880854143126104
0 0.41066500576093057 0.2890084782439123 0.3103447673403953 0.20115929263316418 0.20369557480236625 0.3229483832023049 0.3040158132229015 0.410797568813053
0 0.533793342826222 0.18135320801537413 0.41394751115064965 0.14240331177702692 0.3830238055519912 0.23755317285195945 0.5028696372275636 0.27650306909030664
0 0.6938484608969061 0.1715278917810182 0.6798247604651018 0.06868733359838529 0.4997652354619347 0.09324088409597306 0.513788935893739 0.196081442278606
0 0.8096425036736189 0.40729976710287874 0.7790848922855181 0.34539393956936126 0.7153366155858907 0.3768610105005048 0.7458942269739914 0.4387668380340223
0 0.4187818689424219 0.8025016969201287 0.37248682341754524 0.7913908852475118 0.34802667862892633 0.89330814835125 0.394321724153803 0.904418960023867
1 0.38323065005256385 0.8254852184747061 0.33318259714574794 0.8009718859134292 0.30074142105591034 0.8672059523442132 0.3507894739627262 0.8917192849054901
