0 0.3462535983062681 0.9645917161294786 0.21366289638120978 0.9283944556792347 0.2038430905619728 0.9643644415330022 0.33643379248703115 1.000561701983246
0 0.7109311856400655 0.7015573444376303 0.67899817996856 0.6698508137711521 0.6042045253275093 0.745178708297639 0.6361375309990148 0.7768852389641172
0 0.5066137562499999 0.47247023749999995 0.3611111109375001 0.47247023749999995 0.3611111109375001 0.5262896828125 0.5066137562499999 0.5262896828125
0 0.2940379791955082 0.6139899693030662 0.18885553983668896 0.6085350291608383 0.18651244700610448 0.6537146669092354 0.2916948863649237 0.6591696070514631
0 0.4147156090625 0.6633432540625 0.40185185187499994 0.6376157396875001 0.33766534312499996 0.6697089940625001 0.3505291003125 0.6954365084375
0 0.537496088001857 0.6918577658825166 0.43182341013317965 0.6342898142096883 0.40906360179115425 0.6760680923208909 0.5147362796598315 0.7336360439937192
0 0.6435713296436326 0.4724926462916737 0.5997737632261744 0.45278821917025525 0.566478546859843 0.5267944027148118 0.6102761132773012 0.5464988298362303
0 0.5555167387824647 0.5318892044338266 0.4963357723861992 0.5217174741960109 0.4904666702158257 0.5558649722322662 0.5496476366120912 0.5660367024700819
1 0.314090278125 0.6378469734375001 0.31087126072361543 0.6153475060403063 0.27908719978611546 0.6198948779153064 0.28230621718750004 0.6423943453125001
0 0.3236732049542389 0.6618565041228358 0.32201472355359456 0.6375219273684503 0.276565417141797 0.640619447005506 0.2782238985424413 0.6649540237598915
