0 0.315936046854549 0.26409778648322074 0.25089589378977706 0.2619000752068896 0.24616672015941457 0.40185757558525853 0.3112068732241865 0.40405528686158965
0 0.5634842858337085 0.46302261751504437 0.5274049128771414 0.35301066100064543 0.25028410711869226 0.44389482688378595 0.2863634800752594 0.5539067833981849
0 0.7261200664128151 0.42647487191340094 0.6469604035485579 0.37979633259230905 0.5375526415410415 0.5653351622389028 0.6167123044052987 0.6120137015599946
0 0.8614644122312379 0.6968421856708289 0.7554834427668062 0.4952098365671597 0.6726269451148512 0.5387604473030726 0.7786079145792829 0.7403927964067418
0 0.5155177619476541 0.560408592537695 0.4494103559150105 0.5176244309962557 0.40084877741594405 0.5926587397629357 0.4669561834485877 0.6354429013043751
0 0.5747844017530165 0.7905845000636675 0.5604016857573682 0.6074399442444844 0.47827040456979847 0.6138898814888425 0.49265312056544674 0.7970344373080256
0 0.4886216007044156 0.6350289373909094 0.2710222475684264 0.5936500143148158 0.2502486408155611 0.7028921853450355 0.4678479939515503 0.7442711084211291
0 0.7361613649221312 0.8098386557797049 0.7159979216628555 0.6661166848213741 0.6414255620807978 0.676578798102433 0.6615890053400737 0.8203007690607638
1 0.7664047995774899 0.7436543004616634 0.732253058565039 0.7365786934929874 0.7168639451718135 0.8108571288757581 0.7510156861842643 0.8179327358444339
0 0.7896445635647156 0.7892655678741104 0.7839820919470549 0.7288257332842296 0.7519182150963799 0.7318297254998125 0.7575806867140406 0.7922695600896932
