0 0.23887777659565795 0.2138728091426228 0.14355574585254827 0.17152735055516416 0.08838119761091513 0.2957283902691088 0.18370322835402483 0.33807384885656744
0 0.26078458500058227 0.4046480431713432 0.25965490801480245 0.34873594855076984 0.10700134193404005 0.3518202404480582 0.10813101891981984 0.40773233506863155
0 0.5808967970884548 0.35713663938436235 0.4977587841582 0.35491224381620745 0.49431670468161115 0.4835618653711454 0.577454717611866 0.4857862609393003
0 0.7202184479316083 0.7175983949709918 0.6099892016200782 0.5540151995452579 0.5485386159138346 0.5954231921582676 0.6587678622253648 0.7590063875840014
0 0.6098716602091308 0.5474489532743452 0.6002411916335373 0.5081040412897044 0.537990356047948 0.5233412012087681 0.5476208246235416 0.5626861131934089
0 0.8138854691357474 0.6653570727473709 0.7487331752479158 0.5907980877302463 0.7181446606621755 0.6175274201027922 0.783296954550007 0.6920864051199167
1 0.7391428958085822 0.7152472231845171 0.7060007251846494 0.6732884405255882 0.6866098541142533 0.6886047942621996 0.7197520247381861 0.7305635769211284
0 0.7601211565508244 0.7027083661540681 0.7076481210809831 0.6530736318494971 0.6913942001187007 0.6702570132683293 0.7438672355885421 0.7198917475729003
0 0.32189726511837435 0.55089316459797 0.23115914029757248 0.42764869086188045 0.1594694521374804 0.48042986372456226 0.2502075769582823 0.6036743374606519
0 0.539225561114247 0.2666093170210231 0.4509251062317944 0.25466526556782254 0.44568776608459376 0.29338408046777226 0.5339882209670465 0.30532813192097275
