0 0.9122405405272602 0.7007020863060027 0.8665547551378905 0.6321733928029922 0.6836334938213233 0.7541208729091815 0.7293192792106931 0.822649566412192
0 0.7017021897218412 0.7433608852086402 0.6750462546160216 0.6770812639282597 0.45321589376501253 0.7662956497246276 0.479871828870832 0.8325752710050083
0 0.5255294961241087 0.71017619466811 0.46330905806105205 0.6379560464698298 0.4196597020730513 0.6755616471020421 0.4818801401361079 0.7477817953003224
0 0.6966374330508863 0.6619728658103103 0.696221934570141 0.5849670701583733 0.4703058266357205 0.5861860407414048 0.4707213251164658 0.6631918363933419
0 0.6702055505461795 0.5709846725768675 0.659946513795341 0.5215308526086297 0.511660098227112 0.5522923951536067 0.5219191349779506 0.6017462151218445
0 0.7863892210479844 0.6234735347065354 0.7317286488041822 0.6115165355370757 0.7207780438531823 0.6615764481083086 0.7754386160969846 0.6735334472777684
0 0.5329218837820336 0.44326631788748677 0.41839819274038204 0.3872024200056304 0.38922871063012543 0.4467879444384776 0.5037524016717772 0.5028518423203339
0 0.6605851579592299 0.4568403760532968 0.552285848123857 0.4098540148960074 0.5345828671621644 0.45065778375484833 0.6428821769975374 0.4976441449121377
1 0.523659626971941 0.3891527558381246 0.5128727582043687 0.3637538867857512 0.4776123038810793 0.3787289588130137 0.4883991726486515 0.40412782786538715
0 0.547435401352226 0.3924269238914172 0.5302952863724185 0.3706363911211824 0.4808757584576925 0.4095090703547653 0.49801587343750003 0.431299603125
