0 0.5974548404539644 0.8583093066739675 0.5968348440864879 0.8234883593314579 0.46491438277396807 0.8258372387575422 0.4655343791414445 0.8606581861000517
0 0.8281134540413386 0.5886669894208598 0.7876312318319226 0.5756099334115158 0.7667165812913801 0.6404539173852859 0.8071988035007962 0.6535109733946302
0 0.6284390776104068 0.4059390711809681 0.5046239060698383 0.4024533475367854 0.503238730718698 0.45165567715962684 0.6270539022592665 0.4551414008038095
0 0.6852748800598876 0.46657885225592255 0.637252305536111 0.4425677295157559 0.6236175828373103 0.4698373617607679 0.6716401573610868 0.4938484845009345
0 0.44923854760228377 0.5373806195041848 0.34448701573701496 0.5366564137481519 0.34418666512119445 0.5801001268666691 0.4489381969864632 0.580824332622702
0 0.5603788363880848 0.5795343779722258 0.5454530011778225 0.5569441973047192 0.5006461229649799 0.586549099112926 0.5155719581752424 0.6091392797804326
0 0.6873936986428406 0.5960890065498707 0.5778859943768062 0.5504683391942111 0.5602214497854393 0.5928702556331998 0.6697291540514737 0.6384909229888596
0 0.7358467540549618 0.3946272651292512 0.6967355617743326 0.3941807359874175 0.69589319414296 0.4679631598316811 0.7350043864235891 0.4684096889735148
1 0.47291902517539297 0.5593111438437497 0.4689247757127483 0.5380159021423426 0.43817141106882485 0.5437841677448593 0.4421656605314695 0.5650794094462663
0 0.4890846033040944 0.579825379825035 0.48435939890646 0.556168893834989 0.44007452900043875 0.5650144621124011 0.4447997333980731 0.5886709481024472
