0 0.3088391871403796 0.424641889245449 0.22391973967997 0.4139483290260884 0.19086822813537513 0.6764162106785261 0.2757876755957847 0.6871097708978866
0 0.2870632294943113 0.3979779557802379 0.2702956284944692 0.2952318054389466 0.10564074585174979 0.3221025676588272 0.12240834685159185 0.4248487180001185
0 0.37587247939851237 0.11714022105923641 0.2862916407823817 0.09861327422043215 0.2465867336771514 0.29059303789160873 0.3361675722932821 0.309119984730413
0 0.48111401853615854 0.5401341544994734 0.4782928233636309 0.3971934569030173 0.42838275410742643 0.3981785230795071 0.4312039492799541 0.5411192206759632
0 0.6136319760971359 0.4147219414086149 0.4838558627269471 0.3849464695443012 0.46380629384922456 0.4723323264521542 0.5935824072194134 0.502107798316468
0 0.5494033798822409 0.5378404576978634 0.5457587437483452 0.48180411686598557 0.5056108777650815 0.4844153573732915 0.509255513898977 0.5404516982051693
0 0.7116978086662417 0.6323011318224475 0.6447938787213169 0.5252548944899285 0.5902786937541444 0.5593269011934312 0.6571826236990692 0.6663731385259501
0 0.9525436639728317 0.4870115496811051 0.7958908355659424 0.4015645534804796 0.7381805434461024 0.5073667570773635 0.8948333718529918 0.592813753277989
0 0.5424666152017645 0.07811564801020739 0.5121688190119675 0.06022101220830556 0.4684621241227031 0.13422176576059822 0.4987599203125 0.15211640156250003
1 0.5037460664027216 0.03847053620653351 0.4772972555305053 0.03816058950160123 0.47640389221645635 0.11439433213364025 0.5028527030886727 0.11470427883857252
