0 0.8943170436404063 0.24110822937389279 0.8311682937142549 0.09613841620533821 0.5192509111206367 0.23200941141813072 0.5823996610467882 0.3769792245866853
0 0.714903412932102 0.4939658862767846 0.6659317449468688 0.3870729733645128 0.46647868507754053 0.47844992961395033 0.5154503530627738 0.5853428425262222
0 1.0107578835525546 0.35719772308696984 0.955872699748328 0.22431356237923894 0.6824947200528914 0.33722694937509967 0.7373799038571178 0.4701111100828306
0 0.3056598502249833 0.5505147836433453 0.26046157423333915 0.4499053172694868 0.061123304535784295 0.5394569912243734 0.10632158052742843 0.6400664575982317
0 0.5079670763647457 0.6046203826186075 0.4740034772772693 0.5149996434248874 0.2993222603291189 0.5811986379200722 0.3332858594165953 0.6708193771137922
0 0.6027631988259465 0.39021535068636126 0.540439687207656 0.2632676101090493 0.27191304828636886 0.3950976294896569 0.3342365599046594 0.5220453700669687
0 0.4776626859375 0.5066365109375 0.4493898191237129 0.4532913543393195 0.3362011966377185 0.5132811838282014 0.3644740634515057 0.5666263404263818
0 0.5760719228892601 0.4392180090783864 0.5689116332924259 0.40960068990664417 0.4638220943924349 0.43500715994393335 0.47098238398926906 0.4646244791156756
1 0.34209993898349833 0.6499054113733704 0.32858345621137597 0.5939390761473111 0.28541192481741867 0.6043654736946148 0.29892840758954103 0.6603318089206741
1 0.34275760427651797 0.5319998719030508 0.3122349040807632 0.5316598433884984 0.31156803359835805 0.59152155184152 0.34209073379411276 0.5918615803560725
1 0.3132994966129194 0.5291652498718842 0.2915361568004654 0.5290369084023319 0.29112507500563933 0.5987455756220789 0.3128884148180933 0.5988739170916312
0 0.3536506664448333 0.6159087596025927 0.349017419239576 0.5885904930402964 0.30293917646770474 0.5964054797291147 0.3075724236729619 0.623723746291411
