0 0.7388604666143646 0.6357949219323759 0.6744833040087475 0.6258317888483889 0.6528582864775705 0.7655626604746463 0.7172354490831877 0.7755257935586333
0 0.7427255815700825 0.586758737623389 0.7140214299903297 0.4748125437498105 0.42874778862717877 0.5479596295064132 0.45745194020693153 0.6599058233799917
0 0.4649765909634028 0.44271043705035285 0.3916850444873147 0.3904138652855363 0.2652276594211421 0.5676388152593574 0.33851920589723017 0.6199353870241741
0 0.32673477451128063 0.46587835595114563 0.2591933047793359 0.2517412085959438 0.16837809635379541 0.2803854336957553 0.23591956608574013 0.49452258105095714
0 0.6078452497007388 0.4322503586076766 0.5478303318179096 0.38287638829026616 0.49029065223703866 0.45281686751141115 0.5503055701198679 0.5021908378288216
0 0.5509711886016441 0.22451075271582122 0.47019118148919936 0.21239376596215967 0.44205930215480765 0.3999398497302131 0.5228393092672523 0.4120568364838747
0 0.7681683400577571 0.35288720482406644 0.5636353397482182 0.2701000364494143 0.5223119238311369 0.37219317970454024 0.7268449241406759 0.4549803480791924
0 0.377976190625 0.18377976250000005 0.3015873015625 0.18377976250000005 0.3015873015625 0.327380953125 0.377976190625 0.32738095312500004
1 0.320192104131254 0.18621724836145118 0.287790487216628 0.17473313162814738 0.26202668184642397 0.24742387234897772 0.29442829876105003 0.2589079890822815
0 0.2761083023885586 0.26044452125454143 0.2737867816198221 0.1998528844751643 0.2428368826406681 0.20103870544138153 0.24515840340940462 0.26163034222075865
