0 0.9686249696223385 0.6052736484951329 0.9086978535056301 0.5573319782542114 0.7788827611773136 0.7196009203366666 0.838809877294022 0.767542590577588
0 0.6513282502545333 0.5165732916406993 0.6272950848502583 0.46869545783277483 0.5023625449553943 0.531407660053847 0.5263957103596694 0.5792854938617715
0 0.7419787052706006 0.6033672881442426 0.7247748703829663 0.5269058077832132 0.4885681543614771 0.5800523244684326 0.5057719892491114 0.656513804829462
0 0.6026493896067151 0.6922082551299334 0.495314361149313 0.6411975496300796 0.4690677174047265 0.6964248636934884 0.5764027458621286 0.7474355691933423
0 0.8157407433749986 0.5636904833125 0.7592675315312502 0.5448660694817717 0.7429563461562506 0.5937995999166665 0.7994295579999992 0.6126240137473948
0 0.792248336271889 0.6822056330857569 0.7469091917168347 0.6290420021790784 0.5663285270376275 0.7830452694523421 0.6116676715926818 0.8362089003590206
0 0.51248526516707 0.40170181094475044 0.33104537013180824 0.3497295958891474 0.30933964355599985 0.42550633058027704 0.49077953859126167 0.4774785456358801
0 0.616316215087245 0.3976508924511428 0.47765242966925625 0.3600570785833911 0.460928620439992 0.4217424053899729 0.5995924058579807 0.45933621925772455
1 0.4578839753939109 0.33526009942890866 0.43858728388378826 0.30912916403785673 0.400483475760697 0.3372673619136197 0.41978016727081957 0.36339829730467166
0 0.4782486765523177 0.3454893027724816 0.46629460221860086 0.3280325600220616 0.4182383979406813 0.3609406143107522 0.43019247227439816 0.37839735706117217
