0 0.6007418904277729 0.48736855433060455 0.5955512323692236 0.452277939669348 0.5060496657758291 0.4655171499931196 0.5112403238343786 0.5006077646543762
0 0.7368763716741287 0.4735249487781318 0.619968788866064 0.4047945179921159 0.5820874060769036 0.4692291628017166 0.6989949888849682 0.5379595935877324
0 0.8908348350963091 0.5636413071687008 0.7676330857486844 0.4704944736603364 0.7199575217795398 0.5335531162453875 0.8431592711271646 0.6266999497537518
0 0.6969310783609128 0.5353013793568188 0.5093657407150138 0.4862888820137926 0.48877290268933926 0.5650953666199588 0.6763382403352383 0.614107863962985
0 0.7874326835292631 0.6187149432514729 0.7376688071247498 0.5777344339735373 0.6973879912613987 0.6266486514251011 0.747151867665912 0.6676291607030367
0 0.6240213028823685 0.6335819728874305 0.5164942635518731 0.5240603295936084 0.45688441103075367 0.582584569768929 0.5644114503612491 0.6921062130627511
0 0.5362370125039144 0.7766608652820624 0.5203715762635025 0.6900937289165631 0.3046028578420256 0.7296383527601635 0.3204682940824376 0.816205489125663
0 0.426672555105687 0.6327596210653713 0.4251065304743632 0.5463204081613267 0.2069568518708429 0.550272639544874 0.2085228765021668 0.6367118524489187
1 0.31646801264201235 0.7034272822285812 0.27517998255051407 0.6046908379529486 0.24702211932453588 0.6164654436997489 0.28831014941603417 0.7152018879753814
0 0.32158158263174197 0.6590286289588674 0.298941757429646 0.6078970131062815 0.2723766711418734 0.6196593816527344 0.2950164963439693 0.6707909975053202
