0 0.9754489653714336 0.7551604127864765 0.8257818067320539 0.5825679285753322 0.7286874339206746 0.666765331289427 0.8783545925600542 0.8393578155005713
0 0.6942360313219842 0.71035642884686 0.598046087134974 0.690101097816534 0.5796121997371 0.7776412420529513 0.6758021439241102 0.7978965730832774
0 0.6117023369451586 0.31864227868402917 0.4506837827678468 0.25435703929418807 0.4127642803119297 0.3493359725380718 0.5737828344892415 0.4136212119279129
0 0.5543644167458879 0.3950819855564421 0.5052554484119578 0.39306904455336644 0.5031385886486961 0.4447132799892576 0.5522475569826261 0.44672622099233317
0 0.5262974972174955 0.4908381156493797 0.41298368447627753 0.30709495127366043 0.35215594427435865 0.3446072211103636 0.4654697570155767 0.5283503854860829
1 0.28265502799838516 0.5604064032711994 0.25136154271500555 0.5303743002802273 0.1883034790496088 0.5960808739392448 0.21959696433298842 0.626112976930217
0 0.32361183469229465 0.588700297511976 0.30140220469162393 0.5170039211279898 0.2395658662005526 0.5361591737048784 0.26177549620122337 0.6078555500888647
0 0.39855467263809385 0.8033879751675318 0.3295634412415647 0.6388925156670446 0.2509936431269257 0.6718455657935717 0.3199848745234548 0.8363410252940587
0 0.19522864441198587 0.5046940373285077 0.15347198331559736 0.314651029298723 0.07450623893438389 0.33200155358548655 0.1162629000307724 0.5220445616152711
0 0.2551429082673643 0.6403018603673891 0.20605633918708896 0.5526765899658855 0.11901152022036306 0.6014379974880806 0.16809808930063835 0.6890632678895842
