0 0.3154892423743571 0.7576563189675426 0.2579077424509436 0.6898314778128087 0.07831875022986523 0.8422977920092876 0.13590025015327872 0.9101226331640214
0 0.7689328570271379 0.5759613425067729 0.7037345217336013 0.5491149694348666 0.6468195262460119 0.6873371027968265 0.7120178615395485 0.7141834758687329
0 0.7240126844934511 0.8246531572660653 0.6571858594480045 0.6900713533554564 0.5749729831865171 0.7308942977563101 0.6417998082319637 0.8654761016669189
0 0.13942176352987992 0.4002290741908675 0.09031439926616 0.33985116724688735 0.03218219557608633 0.3871320261993163 0.08128955983980624 0.44750993314329646
0 0.32800199695802623 0.2495438641129489 0.13548225920047907 0.10439610923583006 0.08452586687188518 0.1719831779884729 0.2770456046294323 0.31713093286559174
0 0.5426587296875 0.11383928593750003 0.46494709062500006 0.11383928593750003 0.46494709062500006 0.24801587343750006 0.5426587296875 0.24801587343750006
0 0.7423983987440695 0.32695587695855693 0.6245412496254421 0.23409874144085432 0.5823909217247835 0.28759724161631905 0.7002480708434108 0.38045437713402175
0 0.6874027362686518 0.4035461446150509 0.668164508595099 0.326593143020118 0.6134648314162539 0.3402680461613328 0.6327030590898067 0.4172210477562658
1 0.20088925145283193 0.2780931710752388 0.15810855605710378 0.2471493498385104 0.13139489991677183 0.28408172407577165 0.1741755953125 0.31502554531250004
0 0.16868300036024295 0.32573218449326846 0.15839809855889384 0.2596320526126449 0.11910319095248016 0.2657461745444276 0.1293880927538293 0.33184630642505114
