0 0.8500762295014732 0.707095676473001 0.816395220736562 0.595033486717697 0.5182309402936905 0.6846486706161048 0.5519119490586017 0.7967108603714087
0 0.5497773379112729 0.7179749643713849 0.5182492052188616 0.6187880893959745 0.20464417925438022 0.718472456647856 0.23617231194679156 0.8176593316232663
0 0.3435674959113017 0.6677358591515689 0.30514358677355957 0.5761882609602378 0.23536537609915326 0.6054752294850057 0.2737892852368954 0.6970228276763368
0 0.7197405665303354 0.6067479726732194 0.6956443033841383 0.5522937272210504 0.6235968357564213 0.5841750750307358 0.6476930989026184 0.6386293204829048
0 0.5767907337270923 0.5117884256071665 0.34944897690280247 0.4901962399557294 0.33994215492045904 0.5902925269260055 0.567283911744749 0.6118847125774426
0 0.7267476736665369 0.42745573205259574 0.662102579132107 0.36561233476910115 0.562992594095598 0.4692123087909197 0.6276376886300277 0.5310557060744143
0 0.5377244198412681 0.3629392740435339 0.44254652438785513 0.27983899277322727 0.383805939648213 0.3471168063709497 0.4789838351016259 0.4302170876412563
1 0.36764655372223676 0.3636926008859155 0.3600780412829412 0.26431980523214277 0.334575078390829 0.26626218282772085 0.3421435908301246 0.3656349784814935
0 0.4876458416915262 0.2674388283687277 0.36031518490031383 0.2625019322687111 0.3582833005260656 0.314907566629938 0.4856139573172779 0.31984446272995454
0 0.3988410078649454 0.285857549840581 0.37239137253330323 0.2713644959769607 0.3435488318558578 0.3240017586363798 0.36999846718749996 0.33849481250000013
