0 0.4728128444915945 0.7675678873244192 0.41017937460615855 0.729739743132742 0.38587799681957646 0.7699764411335226 0.4485114667050124 0.8078045853251996
0 0.48274450885320574 0.6400598357637559 0.4788560053513038 0.605190389142995 0.4081298231444914 0.6130774947279629 0.41201832664639326 0.6479469413487238
0 0.3433991349350437 0.7720368281629547 0.31970938991816505 0.6576504788127169 0.2614006113777379 0.6697263961202875 0.2850903563946165 0.7841127454705253
0 0.6038490030330003 0.7306566982135584 0.5727698297854478 0.6392395700199126 0.5236956322436257 0.6559233744395411 0.5547748054911782 0.747340502633187
0 0.5350113192831815 0.6368644598403217 0.4777880003203666 0.6055019376883383 0.4258373783831696 0.7002898184277331 0.48306069734598445 0.7316523405797165
0 0.37613527266456 0.5835897700332053 0.3295277270057776 0.5821007142042187 0.32654733506348965 0.6753871785712238 0.373154880722272 0.6768762344002105
0 0.8388454231591762 0.786728512408425 0.8238108310601209 0.718033304281464 0.6779218204996132 0.7499624857384625 0.6929564125986687 0.8186576938654235
0 0.7997696589460614 0.6604074064185144 0.7904974693771047 0.6048898503019206 0.6691680522118186 0.6251535188590334 0.6784402417807754 0.6806710749756272
1 0.8296558330935202 0.6445503747964747 0.7919327590524007 0.6327811887802357 0.7810507085253626 0.6676607800437477 0.8187737825664823 0.6794299660599867
0 0.8104440487985132 0.6551164694282414 0.7765836392841503 0.6536628473517333 0.7750446748606372 0.689511206048492 0.808905084375 0.6909648281250002
