0 0.8202212983357168 0.15604334791712907 0.6857917698919065 0.11945289864682469 0.6743633476207818 0.16143974077097586 0.8087928760645919 0.19803019004128025
0 0.37855755905631006 0.32807450679108763 0.3524079416311755 0.2909535703806405 0.2692796584322381 0.34951278286453336 0.29542927585737266 0.3866337192749805
0 0.569264425544016 0.5630683478270474 0.43354603226278315 0.5432810481601511 0.4257413261691596 0.5968124642144049 0.5614597194503925 0.6165997638813012
0 0.45092015264140367 0.5180587298240936 0.398501911577238 0.5042822519720558 0.3899948186390132 0.536650964293193 0.44241305970317885 0.5504274421452309
0 0.6264526182774852 0.4298138671153701 0.6186740076741611 0.39980586536816737 0.5530218239801437 0.41682408525884257 0.5608004345834676 0.44683208700604543
0 0.560100654669409 0.40904539168821347 0.46576758736540225 0.3426641418354139 0.43566978771046266 0.3854355233150921 0.5300028550144693 0.45181677316789165
0 0.3774752329412147 0.5358355226065756 0.3392760533367168 0.5079473913319787 0.29227648453769417 0.5723240593923162 0.3304756641421921 0.6002121906669129
0 0.771959282087442 0.4582113982429471 0.6715957114062018 0.44086992713769335 0.663385701703382 0.488385266759197 0.7637492723846222 0.5057267378644508
0 0.6587739827500153 0.4718095260910825 0.6306264211756196 0.4602305584322339 0.6245940869703993 0.474894689422272 0.652741648544795 0.48647365708112067
1 0.676456114293712 0.46506525445039504 0.6434553072138185 0.46323815782064787 0.6422169623891898 0.48560499818946246 0.6752177694690833 0.48743209481920974
0 0.6809454858155812 0.46502792908447554 0.6802844466465854 0.43680044298907295 0.6384620044824437 0.43777985264390795 0.6391230436514396 0.46600733873931055
