0 0.4634054928277799 0.7288712802828274 0.3052134106237117 0.7152477289552316 0.2989597579719058 0.787863033920999 0.45715184017597404 0.8014865852485948
0 0.24971286719147337 0.49694468315833795 0.23709543431715585 0.427989488989825 0.1937189993449339 0.43592651626077605 0.2063364322192514 0.5048817104292891
0 0.5705828554693003 0.3031096362203906 0.4410840703985669 0.2882739598300281 0.43444719611521626 0.346206414929913 0.5639459811859496 0.3610420913202755
0 0.43411397546174096 0.35400533617522095 0.42929418616712195 0.3225154534362143 0.3736717965594901 0.3310289242609217 0.37849158585410914 0.36251880699992833
0 0.37268145881184794 0.27142464775009484 0.3307843528479707 0.27107010932135833 0.330233129565491 0.336210185555444 0.3721302355293682 0.3365647239841805
0 0.46970652635735205 0.5066472012489597 0.46533732047154225 0.45092593666398395 0.340183678890103 0.4607394617428027 0.3445528847759128 0.5164607263277785
0 0.5397529385257979 0.5027574460658591 0.49257995687625683 0.469321591744474 0.47302301388069445 0.4969135086185922 0.5201959955302355 0.5303493629399774
0 0.7164118711826715 0.4867611698902145 0.6040976417093649 0.46425369026700425 0.5934458802706394 0.5174068819415722 0.7057601097439461 0.5399143615647825
1 0.6064743390184048 0.45992173632554484 0.5820816575301065 0.45675952253565144 0.578558210699202 0.4839386830851068 0.6029508921875002 0.4871008968750001
0 0.6057423369270172 0.4870065385222199 0.5610490312768961 0.47097453890874463 0.5509093886615268 0.4992413900513051 0.5956026943116479 0.5152733896647804
