0 0.6206586590519076 0.6876057623339279 0.6122977805826435 0.5471941928624232 0.2865839217848074 0.5665889905946457 0.2949448002540715 0.7070005600661504
0 0.9049041414735024 0.5956337039392511 0.6160929680216506 0.5869171758214523 0.612428573715187 0.7083322628076357 0.9012397471670388 0.7170487909254345
0 0.8635209438915463 0.48698390939034597 0.6052645592081521 0.4806668106197308 0.6025696399204286 0.5908408220660125 0.8608260246038227 0.5971579208366278
0 0.23266090933263292 0.5497140529768125 0.00003878454564388567 0.5432279802965903 -0.0030101789756133784 0.6525786471300938 0.22961194581137567 0.6590647198103161
0 0.5886196175785612 0.4678940938097266 0.3551205665884618 0.45433825926508753 0.349846740835413 0.5451798304253843 0.5833457918255124 0.5587356649700232
0 0.33732015039784985 0.43851657663421195 0.1125417773715089 0.4365853793261566 0.11178214614602426 0.525001342962924 0.3365605191723652 0.5269325402709792
0 0.38225725057743404 0.5888301295238899 0.3808090389891973 0.5216686926979144 0.23952385585646224 0.5247152451412329 0.24097206744469896 0.5918766819672086
0 0.5178625179265153 0.5786870126529191 0.5171839014824127 0.5552167041370735 0.42141900773636076 0.5579856337239997 0.42209762418046337 0.5814559422398454
1 0.1828652299443842 0.5466146453819243 0.15115902578411425 0.44423571050510613 0.11505346828593258 0.45541740700092437 0.14675967244620253 0.5577963418777425
0 0.19983658238633922 0.5277882636472943 0.17681494532852352 0.47639057892108194 0.14430775195548007 0.49095093920946625 0.16732938901329578 0.5423486239356785
