0 0.8891070763124042 0.6192905434981766 0.8461517552893157 0.5226410407516409 0.5778343623613407 0.6418931778218692 0.620789683384429 0.738542680568405
0 0.5554879971387559 0.5204227448455204 0.2844421786329455 0.48786831001584446 0.2731112412167453 0.5822088575474041 0.5441570597225557 0.61476329237708
0 0.6790381462937635 0.9224983791652968 0.3533051700867581 0.8738411707920248 0.3382969536887505 0.9743128410403168 0.6640299298957559 1.0229700494135887
0 0.38642103139858086 0.3333313363592842 0.15289773578927796 0.28650661510054887 0.1368447710305234 0.3665656337981779 0.37036806663982635 0.41339035505691324
0 0.5975677044996832 0.47456223542125286 0.476582453351796 0.43017905264968687 0.458377983861714 0.47980308084539847 0.5793632350096013 0.5241862636169644
0 0.7441869831365159 0.5179673998156489 0.6986867145546329 0.4470405111755765 0.6293632861421756 0.49151214488547057 0.6748635547240583 0.5624390335255429
1 0.8811614984440898 0.5323114593057783 0.8682830340067808 0.5005445779263862 0.7920033703336655 0.5314687635325119 0.8048818347709744 0.5632356449119041
0 0.8463955028149975 0.5075231475835242 0.7760869664727036 0.49422153365139376 0.7702713620619183 0.5249611593956367 0.8405798984042123 0.5382627733277673
0 0.8766612527521213 0.5130818989134743 0.858246005163801 0.5040513446145891 0.8549313133491797 0.5108107160136148 0.8733465609375 0.5198412703125
0 0.884381092579029 0.327254412297441 0.6344265726030629 0.2754914408996588 0.6168805604803234 0.36021812716210444 0.8668350804562894 0.4119810985598867
0 0.674932893359282 0.24992391255754054 0.4563094944969876 0.20646803008534062 0.4393057342669929 0.2920127168673687 0.6579291331292871 0.3354685993395686
