0 0.5733207914118934 0.8153394098757826 0.5657604414402743 0.6904843012778109 0.5064576903815771 0.694075260088533 0.5140180403531962 0.8189303686865047
0 0.7703907319390669 0.6856966088124489 0.7145121442117267 0.6592402505323719 0.6629832154648977 0.7680747218149844 0.7188618031922379 0.7945310800950613
0 0.6053239375152499 0.9081008532186097 0.5868433166735889 0.8513996312011167 0.5000844319738852 0.8796769415611291 0.5185650528155463 0.9363781635786219
0 0.8085586597051216 0.8265319853394993 0.7363412273619867 0.7765807222908613 0.6390877526605268 0.9171857000378445 0.7113051850036618 0.9671369630864828
0 0.28365956053860286 0.8312387250223683 0.18069827914248662 0.7493921293163108 0.13477799489136782 0.8071588729148985 0.2377392762874841 0.889005468620956
0 0.516728845446175 0.7348184493366012 0.4716623549280189 0.6952803208130443 0.37609330883872094 0.8042121714150895 0.42115979935687714 0.8437502999386464
0 0.6611792425944829 0.6947041665405512 0.5831025523640708 0.6746407195346115 0.5725446182201809 0.7157268077517334 0.6506213084505929 0.7357902547576731
0 0.33700325486906496 0.6951839192866048 0.24568047049396508 0.6297842209109734 0.21408781455616036 0.6738995513743304 0.3054105989312602 0.739299249749962
1 0.2109386664500809 0.6913976056776484 0.17946250097320848 0.6740711877270316 0.16071474390452467 0.708129439438147 0.1921909093813971 0.7254558573887637
0 0.23713170554500662 0.71730979773481 0.21756494631671872 0.6890651690572669 0.17686283979376594 0.7172619751654655 0.19642959902205384 0.7455066038430085
