0 0.7065082489096621 0.13558872680691725 0.621569908211698 0.09923652597735726 0.5281196115283786 0.31758680345379514 0.6130579522263426 0.3539390042833551
0 0.8951841643379504 0.6326371639739267 0.8794527594124532 0.5541103702609338 0.6888502633751576 0.5922940895139088 0.704581668300655 0.6708208832269016
0 0.8298904498478702 0.3680481908173926 0.7781337639926518 0.32800976342018534 0.7115503412880535 0.41408050885429537 0.763307027143272 0.4541189362515026
0 0.5468202597228033 0.39304043339433303 0.4765079417896708 0.3818503116423006 0.46979491351569136 0.4240311376202149 0.5401072314488238 0.43522125937224737
0 0.6138966197953255 0.49500210467742417 0.6027811128772642 0.4282770123948388 0.4432725721432659 0.4548489994444746 0.45438807906132717 0.52157409172706
0 0.4824955908925985 0.38463525982669644 0.4213134785244512 0.3723283890381673 0.3990840957555827 0.4828390637506315 0.46026620812373 0.49514593453916067
0 0.6731497996670198 0.7148716867288796 0.63095489451345 0.632504324101367 0.5836141982816667 0.6567558737890444 0.6258091034352365 0.739123236416557
1 0.43013694265725205 0.7329510131307195 0.42573453620888635 0.6958964384755614 0.37922024424989687 0.701422741793495 0.38362265069826246 0.7384773164486531
0 0.439617445571043 0.6964952081095863 0.4368662994865849 0.6697126128795603 0.37023817105009443 0.6765567485239404 0.3729893171345525 0.7033393437539665
0 0.5064526904698562 0.6536177338076027 0.42632799661346105 0.6450909044733905 0.4184343773108285 0.7192654663477185 0.4985590711672237 0.7277922956819307
0 0.39046107414558134 0.7068829532654959 0.347863050179791 0.7066138985794759 0.34777123936880044 0.7211498250290405 0.39036926333459077 0.7214188797150605
