0 0.9171994711890319 0.7165516239801477 0.5877122518377955 0.6086545596513988 0.5393800180975623 0.7562475771183287 0.8688672374487986 0.8641446414470776
0 0.7023321867575046 0.4806606734998741 0.4933693941541576 0.40801449007218277 0.4554753970863555 0.5170145101224121 0.6644381896897025 0.5896606935501033
0 1.0145214562013198 0.5903882766964494 0.729240809904443 0.5027672259368235 0.6877515709621428 0.6378497979581896 0.9730322172590198 0.7254708487178154
0 0.288355490228832 0.46226902117586627 0.08002538171843858 0.38494952359176166 0.04233052219503832 0.48651477453318054 0.25066063070543176 0.5638342721172852
0 0.482449391562559 0.38914378310681946 0.2990026094212126 0.3384706331523216 0.27389203702007087 0.4293758503897175 0.4573388191614173 0.4800490003442153
0 0.6060438153137364 0.5937564243221031 0.32114502914294357 0.4864039613371606 0.2722485683232838 0.6161684953611515 0.5571473544940766 0.723520958346094
0 0.46453685937500006 0.48869715468750013 0.3443096483991246 0.4392589823918283 0.3218182692562713 0.4939550939141985 0.44204548023214685 0.5433932662098704
0 0.572248725693749 0.5485132429992785 0.46548704410163627 0.5298174100682467 0.46023861285919737 0.5597883317827479 0.5670002944513101 0.5784841647137798
1 0.31140166060748414 0.35846601266981926 0.2671092016349985 0.35188526734785047 0.25873665673359614 0.4082376383023476 0.30302911570608176 0.4148183836243164
1 0.3272511962375259 0.4736860443243914 0.30129233560603463 0.416074409054926 0.27440816465504014 0.42818797680293147 0.3003670252865314 0.48579961207239686
1 0.2957819146556975 0.4808471977434256 0.2892752629064946 0.4113173136998337 0.2667586354477972 0.4134244343351626 0.2732652871970001 0.4829543183787545
0 0.32602134302876995 0.39056341147453594 0.27904703792741653 0.3891953535640597 0.2782454585571786 0.41671877462114193 0.325219763658532 0.41808683253161816
