0 0.1125027994675315 0.4444607586883091 0.0445282337662462 0.44105871169348976 0.038202514544013015 0.5674496808759766 0.10617708024529833 0.570851727870796
0 0.39892262386203703 0.6272409676806576 0.2913469450273863 0.5254897758059969 0.25098832806036925 0.5681586186673423 0.35856400689502 0.6699098105420032
0 0.6692892510383452 0.5874737883948455 0.6185615535289127 0.5525554016896337 0.5468371280779659 0.6567530838170959 0.5975648255873984 0.6916714705223078
0 0.7809470319687918 0.4769228440711853 0.7232105024242299 0.44997688498959204 0.6669736542897328 0.570474375317498 0.7247101838342946 0.5974203343990913
0 0.42733105278823746 0.5211316421090267 0.42642634626931236 0.3912823087061722 0.36936358459378404 0.3916798852752837 0.3702682911127092 0.5215292186781383
0 0.5179565821792028 0.487410823098055 0.48689917956905154 0.4656652212414699 0.44361068750865706 0.5274905105653835 0.4746680901188084 0.5492361124219687
0 0.4893013069875568 0.5588512371495044 0.41883088396566526 0.5495150425055729 0.4136430589266265 0.5886732047984139 0.48411348194851805 0.5980093994423453
0 0.7130697927065707 0.29383613686286986 0.6582566887761406 0.26526626751963767 0.5887705200608819 0.3985798834049378 0.643583623991312 0.42714975274817
1 0.39691342287046366 0.6564358688685947 0.37579031567046556 0.6538730528887976 0.3738813498101368 0.6696070309920767 0.39500445701013487 0.6721698469718739
0 0.41725904441514344 0.6598436768124486 0.4139718679309132 0.6293670524721796 0.39460306273472384 0.6314561513257041 0.39789023921895417 0.6619327756659731
