0 0.7469414099654104 0.5860148809306456 0.6998861527438681 0.4784600193813313 0.5199486063588249 0.5571827047810911 0.5670038635803671 0.6647375663304054
0 0.5526343384724466 0.6471338420729484 0.486978264743402 0.5615439712498856 0.29235168767424796 0.7108422091231542 0.3580077614032925 0.7964320799462169
0 0.4108562383573623 0.5639687927334942 0.18191038239896323 0.5405538757000555 0.1718362153110084 0.639056843006151 0.4007820712694074 0.6624717600395896
0 0.5140032636719679 0.5658479282962338 0.36833950338573257 0.44337442235612057 0.3173721366604276 0.5039924166897334 0.4630358969466629 0.6264659226298466
0 0.6736279733929139 0.4883978961244487 0.6610287029708501 0.365205036285004 0.5276683235099403 0.37884416672330107 0.5402675939320041 0.5020370265627458
0 0.6625318752996125 0.47894190607584164 0.5549850380300756 0.4734266846540486 0.552288468963803 0.5260097910023341 0.65983530623334 0.5315250124241272
0 0.559743958871819 0.5546585503324372 0.48000085277962956 0.509992311906185 0.462142165410489 0.5418756146359625 0.5418852715026784 0.5865418530622147
0 0.8650176859662306 0.45576501384393575 0.8199439276257243 0.3931475756106758 0.7095789665114003 0.47259131727246934 0.7546527248519065 0.5352087555057293
1 0.7301837030177708 0.37266115909012026 0.6981939085174169 0.3662402680260575 0.6778582861726726 0.4675552371408823 0.7098480806730265 0.4739761282049451
0 0.7112910039840937 0.39418539639009575 0.6782881229001942 0.39220522539632535 0.6769595736216825 0.4143477342961934 0.709962454705582 0.4163279052899639
0 0.7038903626885797 0.42423117940586214 0.6941171226450786 0.41708515229214627 0.6859846609014129 0.4282074863528277 0.6957579009449139 0.4353535134665436
