0 0.3921875 0.21875000000000008 0.3640625 0.21875000000000008 0.3640625 0.27031250000000007 0.3921875 0.27031250000000007
0 0.7311718344635609 0.5969149640717711 0.6072765183227565 0.42902261506626277 0.5311486399987573 0.48520080071885097 0.6550439561395617 0.6530931497243594
0 0.16586042585761193 0.3734179063830826 0.0974048896273649 0.3636840764352142 0.07733832303048187 0.5048071065319562 0.1457938592607289 0.5145409364798245
0 0.6204356713789055 0.2575687635191926 0.5221021732919526 0.16880909363697832 0.46769111245883854 0.22908906035431986 0.5660246105457915 0.31784873023653415
0 0.7442065724019308 0.35633656912705025 0.6695100538690072 0.22673703580364463 0.6014668711587369 0.2659546836455825 0.6761633896916605 0.3955542169689881
0 0.4112618523001405 0.303098555923182 0.3424686298112141 0.23160686803173386 0.2375445298290199 0.3325705907722745 0.30633775231794635 0.40406227866372263
1 0.3785834410378266 0.24845323230455688 0.3531444836577228 0.19607865254027737 0.3341065754410901 0.2053255913779528 0.3595455328211939 0.2577001711422323
0 0.464773602994674 0.35292276317231763 0.448451590250648 0.29820287568349063 0.39153354350574454 0.315180561986758 0.4078555562497706 0.369900449475585
0 0.4980616679886053 0.41262695609695205 0.4419579128158725 0.3392983236304811 0.40636556759986464 0.36653003592152034 0.4624693227725974 0.43985866838799126
0 0.4142118763566879 0.5432453361453703 0.40190779149083766 0.36235690838800216 0.3499960749525036 0.3658879588467765 0.36230015981835384 0.5467763866041446
