0 0.5879065911424846 0.32827242723957245 0.48511752976581135 0.3234463413484659 0.48220563061602284 0.38546583026429027 0.584994691992696 0.3902919161553969
0 0.4539260205156478 0.40832197316135377 0.3782374819836775 0.359948312754036 0.3550738689207079 0.39619159070930543 0.4307624074526782 0.4445652511166232
1 0.4028897702365102 0.4236463859640434 0.3568730337429147 0.391583289677112 0.3295488352663643 0.43079879244521535 0.37556557175995975 0.46286188873214673
0 0.3604030706541727 0.3572240845639866 0.22540376344980526 0.240380394877723 0.1268286537631618 0.3542724805438252 0.26182796096752925 0.47111617023008884
0 0.1600345383735095 0.4125871917746976 0.013923691299888264 0.35964620586164064 -0.016909753164378705 0.4447428585055877 0.12920109390924253 0.49768384441864466
0 0.6663494283210757 0.5619553820469904 0.5725389869068613 0.5542336707890375 0.566728639869998 0.624823103893849 0.6605390812842123 0.6325448151518017
0 0.2944491869196829 0.5037865856620527 0.22370789048163225 0.46920951205208566 0.2028237141073747 0.5119364856653188 0.27356501054542537 0.546513559275286
0 0.2258522916742638 0.5057542491644977 0.1291427539988542 0.45474654067457143 0.09840967905648708 0.5130158014786914 0.19511921673189667 0.5640235099686177
0 0.9683382166854653 0.5634377404304989 0.9663214066054927 0.47605675177323314 0.7572649286071015 0.4808819113255523 0.7592817386870739 0.5682628999828181
0 0.5739850341632733 0.5594016504098013 0.4210501755811566 0.5379690923402648 0.41170268759795264 0.6046693316757301 0.5646375461800692 0.6261018897452666
