0 0.19008850972717886 0.837987881437102 0.15075082927892874 0.592746424825966 0.03195083362946877 0.6118024047189664 0.07128851407771888 0.8570438613301026
0 0.6608600432025321 0.40615924516505986 0.62005912774163 0.3216235732080232 0.4285305347888692 0.414064335178694 0.46933145024977135 0.49860000713573066
0 0.8868811808127258 0.48994836191801683 0.8515260891258916 0.4381561719790308 0.7410668998150299 0.5135593316125495 0.7764219915018641 0.5653515215515357
1 0.9200085669388572 0.4350952777599509 0.8853229537916875 0.4311048027170258 0.8752752117552742 0.5184407939282678 0.909960824902444 0.522431268971193
0 0.9623314997181047 0.5068057682384366 0.9372470710350983 0.4811903803670258 0.8799185475747828 0.5373305905196647 0.9050029762577895 0.5629459783910754
0 0.7520722031587431 0.6216428565888583 0.7425194673438813 0.5754605273775442 0.6677814680694352 0.5909199547081434 0.677334203884297 0.6371022839194576
0 0.7114713321658156 0.6145131885896367 0.6385614325395158 0.6118922513689573 0.632472151685636 0.7812854181910412 0.7053820513119358 0.7839063554117206
0 0.6439870568387932 0.8627004837585078 0.4045331248582489 0.8492564443053114 0.4000003068633675 0.9299911889187282 0.6394542388439118 0.9434352283719246
0 0.932365326864802 0.4734082927447947 0.9251785246327794 0.45045773316995996 0.8846703180308328 0.4631425859585308 0.8918571202628554 0.4860931455333655
0 0.46536409437600945 0.5862306478499697 0.45719106930316533 0.49090197269788566 0.18632557322063503 0.514124685982415 0.19449859829347918 0.6094533611344991
