0 0.9137828000630286 0.5553642758746878 0.8494477787025685 0.4662710378963131 0.6161060883589975 0.634769152603776 0.6804411097194574 0.7238623905821507
0 0.5790326176001113 0.5068227533595373 0.3053959387051014 0.49800027531094804 0.3023358101288543 0.5929127722289647 0.5759724890238641 0.6017352502775538
0 0.7459578537657093 0.8966722205715545 0.4169681537026033 0.8766107473684297 0.4107927936328018 0.9778809699774678 0.7397824936959079 0.9979424431805926
0 0.3902620633057544 0.33525383994662916 0.15215188359524154 0.30888422306910057 0.14318566471658373 0.38984664275219993 0.3812958444270965 0.4162162596297286
0 0.6155386755669496 0.4580502352511703 0.49119429236920464 0.4221860914207026 0.47665435661592415 0.47259742569157936 0.6009987398136692 0.508461569522047
0 0.7650653224874855 0.4876501233090102 0.7120205945304383 0.42100637114652395 0.6482781333045935 0.47174183254122076 0.7013228612616407 0.538385584703707
1 0.9028880793976846 0.490344975992144 0.8869932097517521 0.4595981830659047 0.8144290334862662 0.49711097750503014 0.8303239031321986 0.5278577704312694
0 0.8659120771151176 0.468587231977352 0.7944411486894192 0.46145646507641447 0.7913418839609504 0.4925200702479099 0.8628128123866488 0.4996508371488474
0 0.896610494605574 0.47151916836733754 0.8772752936994852 0.4641191378605881 0.8746047178439114 0.4710969632432507 0.8939399187500001 0.47849699375000015
0 0.8841788914249944 0.28571337974513245 0.63023585976165 0.255975479586889 0.6201977057643453 0.34169502416853353 0.8741407374276898 0.371432924326777
0 0.6673845699898875 0.2269279529149874 0.44511295100829595 0.2026875380873912 0.4356794489580861 0.2891876985953384 0.6579510679396776 0.3134281134229346
