0 0.3084385191065017 0.584638847204024 0.14700384585349832 0.5424927643977444 0.12537051926937234 0.6253561950168182 0.28680519252237574 0.6675022778230978
0 0.6652021875 0.5327345515624999 0.664167439284616 0.49013692333301045 0.5766144465041821 0.4922636920475272 0.5776491947195663 0.5348613202770167
0 0.899588674342915 0.5571075119892223 0.8559959412848339 0.48311187619065343 0.7236333875290857 0.5610900624781184 0.7672261205871665 0.6350856982766873
0 0.9118986210640412 0.6779161557838406 0.9006182209111506 0.6226604387981851 0.7718149700768835 0.6489554954849138 0.7830953702297739 0.7042112124705693
0 0.7922700841001473 0.7246279922176792 0.7511316414371592 0.6675181607863314 0.6672997175382227 0.7279055705931722 0.708438160201211 0.7850154020245199
0 0.7016446259422974 0.7304307633298419 0.6920487140928117 0.6903235246820746 0.6218589897567127 0.7071168624978257 0.6314549016061984 0.7472241011455931
0 0.4809916076200015 0.7304368621587887 0.344294706027464 0.7277237739162837 0.34297160594049625 0.7943871723092205 0.47966850753303375 0.7971002605517256
0 0.35408254234108216 0.7853308950915694 0.3520859039144498 0.7132809761704716 0.22176407575976137 0.7168924385262805 0.2237607141863937 0.7889423574473782
1 0.7600922998667867 0.5945718994985736 0.7482759835014986 0.562152889721774 0.7072529324273724 0.5771052696093346 0.7190692487926607 0.6095242793861342
0 0.753418502852659 0.5767764867444474 0.7504370707716693 0.546116984113443 0.6869475439069374 0.5522909170202981 0.689928975987927 0.5829504196513025
