0 0.7419713146844444 0.9011378618399217 0.6612968880900544 0.6710328402834211 0.5784337233622269 0.7000845239667888 0.6591081499566169 0.9301895455232895
0 0.930366310970348 0.4189228475773719 0.7422571107733648 0.36731495218138155 0.7215530107984567 0.4427807633173444 0.9096622109954401 0.4943886587133347
0 0.8642260079264943 0.6794168005625946 0.8010479682775342 0.5859504496052405 0.7483121112790997 0.6215969473046015 0.8114901509280598 0.7150632982619556
0 0.582652469745581 0.628903247661037 0.5753717733952259 0.5859573731068889 0.5061015584356002 0.5977008852947471 0.5133822547859553 0.640646759848895
0 0.6505390460381396 0.5348216325064591 0.48992905149900334 0.4961253076314375 0.47440878272824544 0.5605425433913738 0.6350187772673818 0.5992388682663954
0 0.5178097889348373 0.6302878381031713 0.4946780533418519 0.5204302411895418 0.43461572008025573 0.533077031681394 0.45774745567324115 0.6429346285950235
0 0.706176532629409 0.3189703385626757 0.6573417775747782 0.2934149380128492 0.6165343394151892 0.3713953728350322 0.6653690944698201 0.3969507733848588
1 0.46134300864602296 0.2800629583096048 0.41438526131795017 0.2765847143503445 0.41151689420119864 0.31530886938092245 0.4584746415292714 0.31878711334018284
0 0.4731050052684928 0.32131666570932677 0.40577392668278234 0.3084307034157249 0.4007900903368597 0.33447199307806186 0.46812116892257016 0.3473579553716637
0 0.5394711482629508 0.3675590480586706 0.5303504631209378 0.2900396636514024 0.4510334978241504 0.29937184646507486 0.46015418296616345 0.37689123087234305
0 0.42316070303841286 0.2995416592631508 0.3844756987205005 0.2872516077664832 0.3797342745168347 0.3021760379726219 0.41841927883474705 0.31446608946928944
