0 0.5571451172779003 0.5055998783087241 0.5551791125643736 0.4446997817774644 0.4167313293182847 0.4491692163094673 0.4186973340318113 0.510069312840727
0 0.35517392556975025 0.48124238036253714 0.2990964835221915 0.43395366823552495 0.2632643709617077 0.47644527194330155 0.3193418130092664 0.5237339840703138
0 0.22562633719867464 0.5117098215717073 0.2080225169398157 0.4495537526973338 0.0703357864229676 0.4885493407379388 0.08793960668182657 0.5507054096123124
0 0.7577406654821881 0.6133931057739266 0.594771421258588 0.6075589962446999 0.5925989550426538 0.6682443802846234 0.755568199266254 0.6740784898138501
0 0.5716388418685295 0.6430892070871522 0.5174518420427374 0.6427062787592848 0.5172112464048941 0.6767522211383966 0.5713982462306862 0.677135149466264
0 0.7854792197291044 0.6683675305504272 0.695040002762137 0.6660479396382634 0.6939547176868218 0.708362440821525 0.7843939346537893 0.7106820317336887
0 0.25855343917334483 0.7094547497634267 0.21451572690649529 0.6372214317421677 0.16854828442863296 0.6652459093784752 0.21258599669548256 0.7374792273997343
0 0.4960097000276731 0.6820962516081873 0.4780874239615834 0.6198390458588843 0.34184063599328207 0.6590610526562778 0.35976291205937183 0.7213182584055808
0 0.7946103383060665 0.6366157325767998 0.7394535630876954 0.6251699192512646 0.7341735528364096 0.6506140122394966 0.7893303280547808 0.6620598255650316
1 0.7914653839123755 0.6068774471457545 0.7506931189827495 0.605857562998809 0.7498884803828739 0.6380248814780545 0.7906607453124999 0.639044765625
