0 0.6033623587735992 0.917603225327851 0.5428542333145538 0.7833851971087309 0.5042865840121697 0.8007722515425755 0.5647947094712152 0.9349902797616956
0 0.5524061295112034 0.629933745355521 0.5485575410793648 0.5632248805506566 0.5033402155160192 0.5658335724627559 0.5071888039478577 0.6325424372676204
0 0.24793157619795742 0.41313612344855005 0.10134596467400363 0.4022020027193536 0.09576302920113941 0.477048259739667 0.2423486407250932 0.4879823804688635
0 0.27840980529692727 0.5832322884705265 0.18907448026556256 0.5506887168070602 0.09891382912852623 0.7981886273165352 0.1882491541598909 0.8307321989800016
0 0.4424254300230711 0.22713655604324806 0.3771098764650088 0.1592596108383689 0.23216674322702283 0.2987331972424682 0.2974822967850851 0.3666101424473474
0 0.545456253238391 0.23942916320788007 0.5194514385840197 0.21660578806015424 0.4578175567056041 0.2868310577366822 0.48382237135997547 0.3096544328844081
1 0.502728175 0.20039682500000006 0.4608134921875 0.20039682500000006 0.4608134921875 0.2810846562500001 0.502728175 0.2810846562500001
0 0.6338663126428538 0.5399529580544563 0.5104891542520898 0.4524855743738331 0.46955352204206413 0.5102273492672469 0.592930680432828 0.59769473294787
0 0.48912584910141677 0.4654252754894072 0.44474480296851115 0.46015972824554463 0.4242218080529673 0.633139276609448 0.4686028541858729 0.6384048238533107
0 0.9210648867597673 0.8846317263760929 0.7703307398428304 0.6899171395581034 0.7025785832493399 0.7423660274036183 0.8533127301662766 0.9370806142216079
