0 0.5772361541919049 0.5180552612403055 0.5523856443553644 0.4584140470261019 0.47729407152309405 0.48970220730076697 0.5021445813596346 0.5493434215149706
0 0.6070805142913299 0.4023061412181675 0.5687125944260616 0.35626463684269466 0.4979182923174867 0.41525988791156243 0.536286212182755 0.4613013922870352
0 0.41219961009090367 0.5199070294482449 0.28712928302392576 0.48105022785911916 0.22049049601866283 0.695543818305004 0.3455608230856408 0.7344006198941296
0 0.7197440941725495 0.5595397276000041 0.5954013505811588 0.5106340276245536 0.5078777238866783 0.7331628510075812 0.632220467478069 0.7820685509830319
0 0.4915007139434362 0.3985704088241965 0.3927916860720132 0.3496139110065395 0.32493999120950995 0.48642056871011663 0.423649019080933 0.5353770665277736
0 0.7405491486710141 0.40079714576282177 0.6440751608585273 0.37383498339233306 0.5987954535003761 0.5358514372582351 0.6952694413128628 0.5628135996287239
0 0.758483135189227 0.29646180886121637 0.6867184904542634 0.26642578344681234 0.6428146837012825 0.371324519237241 0.7145793284362462 0.40136054465164495
0 0.5635372075469549 0.3259217933443989 0.4914706309424826 0.25498125853734016 0.4022114871593633 0.3456572160923671 0.47427806376383563 0.4165977508994258
1 0.5938790413540072 0.303214222921096 0.5913574197475651 0.2637852352559321 0.539413959821226 0.26710720111455194 0.5419355814276681 0.30653618877971583
0 0.6140343325145121 0.3201439048914652 0.6066523315819046 0.289606395353483 0.5292368344738837 0.30832047127178563 0.5366188354064912 0.3388579808097678
