0 0.08314392656250005 0.287754571875 3.5459502546828686e-17 0.287754571875 5.043919782725052e-17 0.5323915609375 0.08314392656250005 0.5323915609375
0 0.653265855744738 0.5788832724909556 0.4392917223111807 0.5373894211837529 0.4218120007852707 0.6275282766608112 0.635786134218828 0.669022127968014
0 0.8516883769556202 0.4442581096463368 0.7222944936232835 0.399344744611503 0.7021842384260857 0.4572817086477442 0.8315781217584224 0.5021950736825779
1 0.8992877028407816 0.4877616394040382 0.8651102661564571 0.40676601288479886 0.8327377634829795 0.42042612279422836 0.866915200167304 0.5014217493134677
0 0.9211106760878212 0.4098572097638777 0.8494322697533147 0.3704741837123095 0.8325098788324304 0.4012734933181849 0.904188285166937 0.44065651936975303
0 0.6867289545385442 0.35460710744679186 0.6078202405800088 0.35276407314871855 0.6067490274234806 0.398627599750189 0.685657741382016 0.40047063404826233
0 0.6526133304650173 0.3593969752577989 0.5823017141453748 0.2067829277768894 0.5161831796487684 0.23724474374913118 0.5864947959684109 0.3898587912300407
0 0.5097262546887005 0.14886834886515435 0.4862658609042499 0.07217986705325188 0.2541366267852697 0.14319239869615874 0.27759702056972035 0.2198808805080612
0 0.9014581105711293 0.44903121082094105 0.858131297826193 0.4467920197340168 0.85691461312657 0.4703340347313187 0.9002414258715064 0.472573225818243
0 0.4284353851781068 0.5481196010039452 0.4143003689720352 0.4550816391656217 0.13963881093332786 0.4968102572194926 0.15377382713939952 0.589848219057816
