0 0.46023258449989085 0.7208340558338098 0.30223880614992743 0.720609695809869 0.30213523405819787 0.7935449086724089 0.4601290124081613 0.7937692686963498
0 0.237336960592834 0.508982478907952 0.22154431035706015 0.44166611104816844 0.17816277428544697 0.45184356784881824 0.19395542452122086 0.5191599357086017
0 0.54843771612617 0.2877473590485834 0.4175235686644917 0.2842501073876551 0.41596665976081376 0.3425305577417458 0.546880807222492 0.3460278094026741
0 0.41544540643055916 0.3507918034093769 0.4088464525674989 0.3198053192742263 0.3531953681139329 0.3316569038921068 0.359794321976993 0.3626433880272574
0 0.35072447263745443 0.34083768986760693 0.35011043965499866 0.27460445131068056 0.3082233200999857 0.2749927770744093 0.3088373530824415 0.34122601563133564
0 0.4607743975065392 0.49753350258483087 0.45000830326148933 0.44366586981365524 0.32395555305854956 0.4688590279072621 0.3347216473035995 0.5227266606784378
0 0.5273952738757757 0.48890236319045 0.47849087930054707 0.45965690088884925 0.4608324853441136 0.489185347274974 0.5097368799193422 0.5184308095765748
0 0.7028462378323603 0.4576890636667973 0.5899024619186019 0.44513281138422345 0.5838932610587506 0.49918571029560843 0.696837036972509 0.5117419625781823
1 0.5918793991450066 0.44073981508015897 0.5674905817366607 0.4392481256009818 0.5658228060291541 0.46651591677082294 0.5902116234375001 0.46800760625000015
0 0.5926652695565182 0.4675817405724293 0.54731241802834 0.4555539155497973 0.5395450661822041 0.4848419667462582 0.5848979177103824 0.49686979176889023
