0 0.967195753203181 0.8739403123159486 0.8457525599235769 0.6699808318603481 0.742199563159305 0.7316391895529353 0.8636427564389091 0.9355986700085358
0 0.6758542096551905 0.7669019298070429 0.5841123453352812 0.7269002724452648 0.5478088754676229 0.8101605228098656 0.6395507397875322 0.8501621801716436
0 0.6942731922528591 0.36666390792173587 0.5478714326592511 0.24727516655567436 0.4844338331685626 0.325066221922906 0.6308355927621706 0.4444549632889675
0 0.6085999480692246 0.41829995345052196 0.566457246780423 0.38751628503584334 0.5286317626446376 0.4392991998452625 0.5707744639334392 0.4700828682599411
0 0.5441464228951279 0.5130257609740758 0.4905192158990165 0.2883793334659795 0.4235417648344191 0.304368074850187 0.47716897183053053 0.5290145023582834
1 0.3407909444222031 0.46339774640101117 0.3064292717589844 0.4476449872519156 0.266382250005564 0.5350000111942982 0.3007439226687827 0.5507527703433938
0 0.37231534218750006 0.482705828125 0.36205852099078756 0.4826461072913112 0.3619660495311542 0.4985277212721286 0.3722228707278667 0.4985874421058174
0 0.3674752787670242 0.5043071026125798 0.33556520017660113 0.4725438290541358 0.2929225677499767 0.5153835492590568 0.32483264634039977 0.5471468228175007
0 0.23719858781390085 0.4702606056139699 0.11218433746016672 0.47009584290724576 0.11202358166268075 0.5920698375829814 0.2370378320164149 0.5922346002897055
0 0.28219074571434777 0.2273234188690212 0.1825384360546845 0.19525967594947286 0.11639356447782637 0.40083421667962227 0.21604587413748963 0.4328979595991706
0 0.3544662805151801 0.7885752550470306 0.3094578680872191 0.6029905911734073 0.2189154084951462 0.6249491532577024 0.26392382092310723 0.8105338171313259
