0 0.31937779017638335 0.5590042538181845 0.20524411296022588 0.5158740126504389 0.17956000996242547 0.5838407348798921 0.29369368717858296 0.6269709760476376
0 0.3935898404713036 0.66554504338566 0.36177578554131223 0.5780309574988961 0.14563373427616372 0.6566052238236099 0.1774477892061551 0.7441193097103737
0 0.6654284801305048 0.6011802688320775 0.6306786817038231 0.4919354874864398 0.3925170987087981 0.567692579954519 0.4272668971354798 0.6769373613001568
0 0.4340632158637572 0.6162532720518273 0.41336952655715403 0.47062079830798814 0.3422683557228789 0.4807239401468628 0.36296204502948215 0.626356413890702
0 0.7031095610462745 0.5157432126971184 0.6456146042888825 0.38009591323324887 0.5851857687666293 0.40570905333248775 0.6426807255240213 0.5413563527963572
0 0.9051816486531429 0.5272195211417038 0.8854862713244284 0.4357319598771869 0.6804334096690255 0.4798755945616781 0.7001287869977401 0.571363155826195
1 0.7912750394567707 0.394442237761442 0.7394019621542766 0.3806625795648733 0.7169742164301073 0.46509110246976065 0.7688472937326013 0.47887076066632933
0 0.6509901673164861 0.5089189900045049 0.5586605078192926 0.48332165281921524 0.5486125672488946 0.519564599685033 0.6409422267460881 0.5451619368703227
0 0.4961820523713856 0.5426415765960189 0.4547363823561743 0.5246565178924623 0.43831895513581787 0.562489659406706 0.479764625151029 0.5804747181102627
0 0.7510176649974991 0.43433771898166806 0.7499769185292395 0.4147069351690008 0.7124049789338427 0.41669885071413243 0.7134457254021023 0.43632963452679974
