0 0.3754806880704343 0.4832170403260931 0.28536369568138464 0.4717614951555252 0.27992677068288613 0.514531989393403 0.37004376307193576 0.525987534563971
0 0.400094129824177 0.3016331651376495 0.39411896616354924 0.2621970827188944 0.3181292626882233 0.27371067349513517 0.32410442634885106 0.31314675591389024
0 0.8493023889962903 0.4583785532158336 0.6979252903231199 0.37928402020814544 0.6577619390887793 0.45615167909242 0.8091390377619497 0.5352462121001083
0 0.810279872267817 0.262848498575155 0.6711387744222364 0.2566286147594344 0.6679499446876397 0.32796391349813253 0.8070910425332203 0.33418379731385317
0 0.24768221623864672 0.43314903360503043 0.21449027783860383 0.3579745964751675 0.0647396518966532 0.4240943273491956 0.09793159029669607 0.49926876447905866
0 0.231007625144537 0.34841392026044654 0.22444529322575707 0.28935287097732915 0.10105134544867311 0.30306329522326764 0.10761367736745305 0.36212434450638503
0 0.3594031256975535 0.28435147877059475 0.3315537573841433 0.22169039626960596 0.22652798282853803 0.2683685154667023 0.25437735114194826 0.3310295979676911
0 0.6879441958866739 0.25550991571299003 0.5560369857694921 0.23220970320204723 0.5452962019563506 0.29301545021392017 0.6772034120735325 0.316315662724863
1 0.25990575468750005 0.42099280781250004 0.2528559652485925 0.389909035352058 0.2050351980610925 0.400754769727058 0.21208498750000002 0.4318385421875
0 0.2742253885718974 0.46035835977308437 0.267998346875 0.42099305625000005 0.20122775019176986 0.43155523289953024 0.20745479188866725 0.4709205364226146
