0 0.3365532945764623 0.6614451155898985 0.25673080715947466 0.5956714410924272 0.11249831104660771 0.7707110248476677 0.19232079846359534 0.836484699345139
0 0.6002635778121619 0.548530733748809 0.5186386948021896 0.46898494428234 0.4729978980155896 0.5158186575835139 0.554622781025562 0.5953644470499829
0 0.5966479526247388 0.6078172840763401 0.5485811594477347 0.596099315358405 0.5240256223721971 0.6968254693848778 0.5720924155492013 0.708543438102813
0 0.9963576708858755 0.47056866094538174 0.7874935367397164 0.39259269403013236 0.7535156749300038 0.48360479644800697 0.9623798090761626 0.5615807633632565
0 0.8468142581637851 0.3913656333265766 0.8409293811295881 0.3344066836059225 0.721778550766415 0.3467170929208519 0.7276634278006119 0.4036760426415059
0 0.6534460079870639 0.3090006268550655 0.5028743328096562 0.2856776072029675 0.4915416256806676 0.35884071910530047 0.6421133008580753 0.3821637387573985
0 0.4900059108012346 0.5415448358881676 0.4426955288665272 0.48197361362638846 0.3398778447794561 0.5636295494812145 0.3871882267141636 0.6232007717429936
0 0.47249211220687054 0.3068669462261906 0.4053653576222721 0.2831123970799666 0.39610972092173485 0.30926742319714 0.46323647550633335 0.33302197234336395
1 0.4709515334466373 0.2684922476089907 0.429201760951634 0.2650113990124975 0.426280304142876 0.3000517501620721 0.4680300766378793 0.3035325987585653
0 0.5005080581331659 0.611261238123646 0.499892115993157 0.5687647723340606 0.4376012365601447 0.5696676139437835 0.43821717870015353 0.612164079733369
0 0.19898567184829624 0.17052606067570444 0.19044186070999225 0.13592022917628324 0.1406495625652649 0.14821341714657638 0.14919337370356894 0.18281924864599755
1 0.2778086106366692 0.15214896058623997 0.27450673123977015 0.09954447445090796 0.2509564308380584 0.10102268015920338 0.2542583102349574 0.15362716629453538
