0 0.5571247203712877 0.8659711103796871 0.5552897369733667 0.8352521304787363 0.42566282549984547 0.8429953313026131 0.4274978088977665 0.8737143112035639
0 0.7842947709014989 0.5554720811261223 0.7437764416615883 0.5401517169974145 0.7145329645487334 0.617493014098712 0.7550512937886441 0.6328133782274199
0 0.5676825944133777 0.44208078022044417 0.5594156861575655 0.3907883850107667 0.4284423663892961 0.4118976432947149 0.4367092746451083 0.4631900385043924
0 0.6253540550580311 0.45030888263018876 0.573504606706206 0.4320557581084836 0.5630870079787054 0.46164777379485467 0.6149364563305305 0.47990089831655974
0 0.5051950536521417 0.5784416426080686 0.4895376902101357 0.5594149725873445 0.44387029258288624 0.5969954341879095 0.4595276560248922 0.6160221042086336
0 0.39828400351641574 0.5916765838145065 0.390816680894917 0.5502329792539176 0.27628282996202136 0.5708697270722262 0.2837501525835201 0.6123133316328151
0 0.678937789070094 0.3643641956586162 0.6384748485438052 0.3628655698052754 0.6355232362501877 0.4425591854112433 0.6759861767764767 0.44405781126458416
0 0.6350081518044716 0.5815138941841811 0.5195174864905534 0.5485746547093973 0.5074561295379068 0.5908638563200228 0.622946794851825 0.6238030957948068
0 0.4315355529714894 0.5912188855324032 0.4246142686057146 0.570113265048352 0.37823831944866004 0.5853215898683325 0.3851596038144348 0.6064272103523837
1 0.4111431875 0.57208829375 0.40266395506212155 0.55272607792132 0.3711844581871214 0.56651179198382 0.379663690625 0.5858740078125001
