0 0.5238716384500935 0.40809960362209513 0.4244678499620071 0.32782438304213535 0.3793072392643329 0.38374619504529156 0.4787110277524193 0.46402141562525145
0 0.6807878089120919 0.3444496975756691 0.5365617758991577 0.2972616383845063 0.5174561284284399 0.3556563210664604 0.6616821614413742 0.40284438025762326
0 0.5726770782133983 0.2571162206948253 0.3949195284890614 0.18912791876797397 0.3654469025243443 0.2661850245781265 0.5432044522486812 0.3341733265049779
0 0.39266350378513576 0.3230029795522668 0.39068110161226616 0.27696887152669475 0.31255660641595095 0.28033320670498213 0.3145390085888205 0.32636731473055425
0 0.6007399196847485 0.39263383625110004 0.5718524620799968 0.36628294411226536 0.5262931840868449 0.41622780763324957 0.5551806416915965 0.44257869977208425
0 0.4445818963573848 0.410960647058939 0.3109842240390548 0.36237824558165543 0.2931501735706981 0.41142044107078013 0.4267478458890281 0.46000284254806373
1 0.2641049700036808 0.5435665574915537 0.22890905838889836 0.5398321492567243 0.22612717750642145 0.5660507165652836 0.2613230891212039 0.569785124800113
0 0.35531300613296396 0.4930153587879157 0.31517676814770484 0.4820181869964314 0.29260451170072166 0.5643998641947411 0.3327407496859808 0.5753970359862254
0 0.24409760671058606 0.4168439937482569 0.1963179344063452 0.3981259301499026 0.1630326793313893 0.4830897711844152 0.2108123516356301 0.5018078347827694
0 0.273846203125 0.54090791875 0.26404907582405357 0.5086177736919673 0.21512596630402175 0.523461495547799 0.22492309360496826 0.5557516406058317
