0 0.2456141997152737 0.5948282598407693 0.09332889242103733 0.5225848956239023 0.07006760478388592 0.5716184971772501 0.2223529120781223 0.6438618613941169
0 0.40565501130826914 0.6978699551650938 0.20166859213894056 0.6271686211079341 0.17672355788057276 0.6991396564819887 0.3807099770499013 0.7698409905391482
0 0.4101896487335261 0.5702294953712115 0.3125820528350085 0.4682350616572342 0.2712567613408111 0.5077829291797469 0.36886435723932876 0.6097773628937241
0 0.2703166139238188 0.5257160175281161 0.2356095522115218 0.48325374141487953 0.18223944943173323 0.5268764489171827 0.2169465111440302 0.5693387250304193
0 0.48884753507640183 0.6414456036060063 0.3914644281903615 0.6259787259591724 0.3841382188588561 0.6721062665455905 0.48152132574489653 0.6875731441924244
0 0.5207395000533059 0.5246564687188222 0.37168259822884436 0.4750584945665507 0.3549070812512303 0.5254739929800536 0.5039639830756919 0.5750719671323251
0 0.6781166227837023 0.44698825670460013 0.6279863823929246 0.43110165970940173 0.5966807377524065 0.5298867860578431 0.646810978143184 0.5457733830530416
0 0.5274812543726658 0.4272938425178345 0.5252559295879644 0.340027638201756 0.46635172033976235 0.3415297202252675 0.4685770451244638 0.428795924541346
1 0.61010646134336 0.37222626094941996 0.5736871744145968 0.35110835665969703 0.5584730629215107 0.3773461444738291 0.5948923498502738 0.398464048763552
0 0.6085598095734376 0.3849149007684155 0.5544461969624992 0.37880630814499233 0.5511223781920462 0.40825070760348225 0.6052359908029846 0.41435930022690554
