0 0.5309602888655218 0.4565886298343784 0.5284540556669343 0.39643897385845606 0.39000188019656024 0.40220780882435203 0.3925081133951478 0.46235746480027445
0 0.7879269781628461 0.5824288080787741 0.7399042982725997 0.553615197119197 0.6987847223345589 0.6221478164866727 0.7468074022248052 0.6509614274462496
0 0.45565071861957607 0.6218309546538594 0.45162425229643793 0.588948140535019 0.39568590179781643 0.5957977332627152 0.39971236812095456 0.6286805473815555
0 0.2839719061282547 0.6655153713463472 0.27954420444670164 0.6260350223448913 0.19130954242805814 0.635930496201437 0.19573724410961119 0.675410845202893
0 0.38390815622293817 0.6264534367188797 0.3816503962098122 0.5667482309071518 0.2143809192448675 0.5730735476257445 0.21663867925799343 0.6327787534374725
0 0.6190935072393371 0.5934298511718749 0.4859398751511021 0.5645033730229565 0.4731232202375639 0.6235006745324371 0.6062768523257989 0.6524271526813554
0 0.6760037784887979 0.4035109942378908 0.6362204973464805 0.36762803448711 0.5877670531209407 0.42134815700003336 0.6275503342632582 0.4572311167508142
1 0.22079470180511498 0.5964436795788102 0.2132798591541055 0.5728415060368641 0.17720068254256865 0.5843289792024955 0.18471552519357815 0.6079311527444415
0 0.23635075793516566 0.6288190751556338 0.23072685156250006 0.5970116562500001 0.18069545066376871 0.6058577658693483 0.18631935703643432 0.637665184774982
0 0.86581787180326 0.40169107870947063 0.7300646619491735 0.37607726480634734 0.7182083832284449 0.4389155402522132 0.8539615930825313 0.46452935415533647
