0 0.8699331153970972 0.5621878789959245 0.6471806044962433 0.5156745051121101 0.6282287727171648 0.6064348125777725 0.8509812836180188 0.652948186461587
0 0.6020276986942521 0.498905469712393 0.3427522288544846 0.4908713162429404 0.3392061674665524 0.6053086039960979 0.59848163730632 0.6133427574655506
0 0.7936129129568812 0.5056117897152717 0.758230421119397 0.43397683958353817 0.6527209621435018 0.48609089234865943 0.6881034539809859 0.5577258424803928
0 0.6519179669170354 0.5634734334077555 0.5983476759383086 0.40227843129572677 0.531769415647531 0.4244045315463761 0.5853397066262577 0.5855995336584048
0 0.3799848409472621 0.3909478737272729 0.19130294286407823 0.369475091606248 0.18157103713110095 0.4549896018041063 0.3702529352142848 0.47646238392513124
0 0.29696011303286635 0.47220600117559997 0.06867857904314703 0.4341041227351938 0.05325640714277398 0.5265036894488598 0.2815379411324933 0.564605567889266
0 0.4197049944950117 0.4777663895462519 0.3799035626928812 0.43818589938705765 0.3090664307780865 0.5094184501620835 0.34886786258021696 0.5489989403212777
0 0.5427243696705172 0.5029624134812788 0.5198341692372516 0.47316104741490117 0.47900932118460576 0.5045182997133782 0.5018995216178713 0.5343196657797559
1 0.21973689782036235 0.4520060760077567 0.16882638495008284 0.36527660813720014 0.12989488014482517 0.38812954295983254 0.18080539301510468 0.4748590108303891
0 0.21946557812703568 0.40335667630444866 0.20282296906027977 0.3855640505827064 0.18357615781250006 0.4035668546875001 0.20021876687925597 0.4213594804092423
