0 0.6508796364557969 0.7182010266173063 0.5592063383811295 0.68400451418713 0.4624261771160153 0.9434507541944035 0.5540994751906829 0.9776472666245798
0 0.3296693934871152 0.6929970908125551 0.24777120759421578 0.6672243782968457 0.2255315708656393 0.7378954767261363 0.3074297567585388 0.7636681892418458
0 1.007448889830813 0.7677365086264633 0.8278901592801284 0.6084860576743147 0.754994754289565 0.6906773877762092 0.9345534848402496 0.8499278387283578
0 0.9434966486931469 0.6258979922577057 0.9262287458217313 0.5056560062142015 0.8202755735107493 0.5208718983379598 0.837543476382165 0.6411138843814639
0 0.8568321929224979 0.5278610339870389 0.7950574328693203 0.48632338757657223 0.7626946381196722 0.5344533143556205 0.8244693981728497 0.5759909607660871
0 0.7038324078700878 0.36137631355606636 0.5399402859955107 0.30676680938223166 0.5155078723239426 0.38009250936302924 0.6793999941985198 0.43470201353686394
0 0.2459543260792664 0.37407531822787654 0.04113580260929507 0.3454266509829783 0.028598864348005505 0.43505724920805944 0.23341738781797677 0.4637059164529577
0 0.5336889394743298 0.27829246919011286 0.455520713573764 0.26604527807545175 0.44049283851457155 0.3619613392714108 0.5186610644151374 0.3742085303860718
0 0.4299363428522482 0.7589634573618584 0.3933235800175635 0.6735057094630776 0.36309315922628604 0.6864573639828612 0.3997059220609708 0.7719151118816419
1 0.4591103422009368 0.6907380849142 0.41544352304753945 0.6771084995528615 0.39507501188019056 0.7423656640218199 0.4387418310335878 0.7559952493831584
