0 0.5065543191821189 0.8069264250956841 0.4514200120035429 0.7799910484561201 0.3883145383264036 0.9091623096165972 0.4434488455049796 0.9360976862561612
0 0.5110385576448261 0.6162416960771924 0.4557626576560345 0.5745470845376481 0.4177457054746411 0.6249473921328954 0.4730216054634327 0.6666420036724395
0 0.4606183343009427 0.6749227491265722 0.38033039385678535 0.6074336569548613 0.20238297515516884 0.8191275958591916 0.2826709155993262 0.8866166880309028
0 0.7007922440203245 0.517209695722134 0.669551739609141 0.44073916639123106 0.4911764877472657 0.5136108058501843 0.5224169921584491 0.5900813351810872
0 0.393240809896258 0.2932136749034373 0.2959121077528533 0.2059784089095978 0.1853852232027287 0.3292936542139136 0.2827139253461334 0.4165289202077531
0 0.5137243851624493 0.1761123869310483 0.3987715949024264 0.14710929680248339 0.37321380261863074 0.2484067627926624 0.48816659287865366 0.27740985292122733
0 0.6819385581288919 0.17435317975758774 0.6692416007740847 0.07288741172156352 0.4876649929912077 0.09560906938280767 0.5003619503460149 0.1970748374188319
0 0.7901168907166569 0.40618317134365994 0.7598514455163997 0.34537773204130895 0.6946535591077845 0.37782948439952674 0.7249190043080417 0.43863492370187773
0 0.38644647167825974 0.8070334961664225 0.34089063934260155 0.7947999992463306 0.3133479608604869 0.8973650835555791 0.35890379319614507 0.909598580475671
1 0.3502127688910653 0.8300770804835536 0.3014811494693821 0.8049160005923858 0.2671282940755944 0.8714501192526034 0.3158599134972776 0.8966111991437714
