0 0.7766539846893077 0.7718838166765748 0.5714117406679122 0.6191981314377655 0.5022161695873051 0.7122117905945702 0.7074584136087004 0.8648974758333795
0 0.4520685115621294 0.47879891901445976 0.36881290020044966 0.38671525532495143 0.3064523006033512 0.4430973500018479 0.38970791196503096 0.5351810136913562
1 0.47689780559850314 0.41929872514831185 0.46876146212160485 0.3822100605515386 0.41981002801225287 0.3929488047455017 0.4279463714891511 0.43003746934227494
1 0.47571372554162394 0.48499732918224964 0.4705748549581023 0.438366860620828 0.43457977425068106 0.4423336674556168 0.4397186448342027 0.4889641360170384
0 0.4997092359873913 0.4363262267044311 0.49442822469294684 0.410380338793802 0.42493307548181025 0.4245253420080788 0.4302140867762548 0.4504712299187079
0 0.5457347729575212 0.5442149760656072 0.5436514178135189 0.4688879396156052 0.4855800859674728 0.47049404565166075 0.487663441111475 0.5458210821016627
0 0.6322587508809338 0.5882292431025439 0.5650428227476414 0.5548200104366646 0.5408724282910626 0.6034483495845422 0.6080883564243551 0.6368575822504214
0 0.8042701329906905 0.5560340653144793 0.643694955415645 0.45806368987722 0.5891238649512601 0.547506672030475 0.7496990425263055 0.6454770474677343
0 0.9697956643498393 0.7176011704896188 0.8052864479127034 0.570369089869244 0.73291880994732 0.651228800381574 0.8974280263844561 0.7984608810019489
0 0.5964650624933964 0.6037356402439468 0.43022217639603155 0.48887559401813974 0.36889919795678205 0.5776315126757521 0.5351420840541469 0.6924915589015592
0 0.6196929983238884 0.419798937848764 0.5204679346113423 0.36628635630989015 0.47965022609628827 0.4419721036899558 0.5788752898088344 0.49548468522882966
