0 0.3578782010736138 0.45465242409076556 0.13115192395947786 0.4528811267944339 0.13042108136186695 0.546429071374894 0.3571473584760029 0.5482003686712257
0 0.6595517374442577 0.49572111819249365 0.404328461780171 0.44813711779892185 0.3833455524055413 0.5606818138997387 0.638568828069628 0.6082658142933104
0 0.35581028706202084 0.41927007877051514 0.2571466142551174 0.3523197230231654 0.21217739899005572 0.41859013924079536 0.3108410717969591 0.4855404949881451
0 0.47765574973626546 0.3828820790483841 0.4095849802322718 0.3550349407532066 0.34762226357725756 0.5064993303273111 0.41569303308125133 0.5343464686224887
0 0.82564393380491 0.4079858309937977 0.6383636433671842 0.3888900313544231 0.6295962117412719 0.4748758068811053 0.8168765021789977 0.4939716065204799
0 0.936572478376567 0.509890376280504 0.7076421359764657 0.48330200805968876 0.6967891060449463 0.576748429354404 0.9257194484450473 0.6033367975752192
0 0.6874193452052955 0.5157721873977573 0.6237175648655975 0.4361449870556977 0.5791150368831227 0.4718270206815124 0.6428168172228206 0.5514542210235719
0 0.5219552829931654 0.47896857020129674 0.4842497007233252 0.4404774557407606 0.4589746783528207 0.4652366618255884 0.4966802606226609 0.5037277762861245
1 0.8828118419560068 0.4414771054465062 0.8502476355458851 0.40984741175037165 0.7819180254946791 0.4801958491082245 0.8144822319048008 0.511825542804359
0 0.8270502640625 0.44320436562500004 0.8106420278487108 0.42148757770620887 0.7918923063369464 0.43565403089708765 0.8083005425507356 0.4573708188158788
