0 0.30924778946984477 0.5160868173446487 0.2926084668399736 0.4765604573837646 0.16018655252719735 0.5323058120710158 0.17682587515706855 0.5718321720318998
0 0.4540343921875 0.506200396875 0.3895502640625001 0.506200396875 0.3895502640625001 0.5540674609375 0.4540343921875 0.5540674609375
0 0.5632437920771871 0.45017267592132704 0.4123674935542976 0.42277137358479006 0.40428375462703176 0.46728183489760855 0.5551600531499211 0.4946831372341455
0 0.40892090906285805 0.7601139115665342 0.34223913133287404 0.6810399443064055 0.13558289262954104 0.855309755891773 0.20226467035952508 0.934383723151902
0 0.5391282268627091 0.18946251437218214 0.32963489025374276 0.06072101455222132 0.2680816821515832 0.16088286572173954 0.47757501876054953 0.28962436554170035
0 0.6695477087139006 0.2332198206365014 0.6490453951423036 0.11789420992273407 0.564012406563473 0.1330111729718193 0.5845147201350699 0.24833678368558662
0 0.8620566230107738 0.39162464824152027 0.7481706491219391 0.24618918101623416 0.6689244457734903 0.30824440879193593 0.782810419662325 0.45367987601722193
0 0.5676077340842816 0.5139628181148896 0.5051664657769541 0.47655838679773427 0.4338204283713164 0.5956602393706625 0.49626169667864384 0.6330646706878177
0 0.8763058298109527 0.49537187514435593 0.8014323066858097 0.4427758592334345 0.7788788634415024 0.47488201261897245 0.8537523865666454 0.5274780285298939
1 0.8858266796463315 0.44512790482840703 0.8122735681228175 0.4438144576643294 0.8116145122457679 0.4807216220715926 0.8851676237692819 0.4820350692356702
