0 0.3682130068084595 0.7415294906726384 0.22713196058386398 0.6437457316900413 0.17969402860388803 0.7121885195732245 0.32077507482848355 0.8099722785558215
0 0.5768466036835085 0.6068340639532568 0.46763902533366875 0.5406476035533547 0.43770277116673 0.590042386152146 0.5469103495165698 0.6562288465520482
0 0.36425802829920434 0.5715955281780406 0.34716239640326824 0.5330526495641417 0.2759741720202513 0.5646280721361988 0.2930698039161874 0.6031709507500977
0 0.4859820604168325 0.6997945141184619 0.3963864824213704 0.6824160638810672 0.3867423347695139 0.7321370097271114 0.47633791276497595 0.749515459964506
0 0.2960226357141563 0.618813176517072 0.1963867365311654 0.542658349077861 0.1595587707964945 0.5908416042232204 0.2591946699794854 0.6669964316624314
0 0.791743362384644 0.5806007295860174 0.7530875441358924 0.538663567259524 0.6671331303499826 0.6178925377634981 0.7057889485987341 0.6598297000899914
0 0.6810697396722845 0.4533469876605555 0.621695760200847 0.4314185687994529 0.5875114021840424 0.5239770603163363 0.6468853816554797 0.5459054791774389
0 0.45343006711801276 0.6432678285418844 0.42560566469393796 0.5337091453942673 0.36797253044331135 0.548346118697328 0.3957969328673861 0.657904801844945
1 0.7494992259161266 0.46977255909506505 0.7108279965339466 0.4546403354479436 0.6985146151900532 0.48610785836619863 0.7371858445722331 0.50124008201332
0 0.73858448814182 0.4988476177872455 0.6926168373851431 0.48349024293340526 0.6865208249225014 0.5017368101076769 0.7324884756791783 0.5170941849615172
