0 0.7589124857060688 0.3770056527776412 0.7036353212619648 0.3656939625911516 0.682023646212677 0.47130436173723683 0.7373008106567809 0.4826160519237265
0 0.5925272684381674 0.2324204008829697 0.5361368473854107 0.219427056264686 0.5040521307785555 0.35867301117247796 0.5604425518313123 0.3716663557907617
0 0.4226396212339723 0.44894989588412193 0.35744880887756175 0.3511487195841738 0.30731313956095063 0.3845673872774782 0.3725039519173612 0.4823685635774263
0 0.6813249985029107 0.46776476323922356 0.6320554465452164 0.44711122642983314 0.5931564477314077 0.539905804949085 0.6424259996891021 0.5605593417584755
0 0.21247229305491439 0.49680217898385826 0.1475442459343321 0.43085559001322044 0.1047397910676539 0.47299893216230326 0.16966783818823614 0.538945521132941
0 0.4510662325134766 0.49639367738644885 0.31399598762823705 0.460615915507114 0.2975980410803734 0.5234390333005436 0.43466828596561297 0.5592167951798785
1 0.45156644973155186 0.5553206954021135 0.43224582455991295 0.5398842656501803 0.41609618944603033 0.5600975566577716 0.43541681461766923 0.5755339864097048
0 0.4709627106249464 0.5532654889447859 0.4642713947851963 0.5338341163938114 0.4395709569005044 0.5423398681533965 0.4462622727402546 0.5617712407043709
0 0.5138692748024059 0.4599972293069977 0.449686439693742 0.4565502754553517 0.4477870935664578 0.4919164058268236 0.5119699286751216 0.4953633596784696
0 0.4972704720432769 0.40930664009265855 0.4638612331034066 0.3959464551799007 0.43825372170060356 0.459982055936799 0.4716629606404738 0.47334224084955673
