0 0.8638559380320956 0.6133708992278101 0.627104340932626 0.5866585916565296 0.6174136054447958 0.672547730874102 0.8541652025442653 0.6992600384453825
0 0.8521133202293891 0.68294862765822 0.717835814809294 0.6626789585090463 0.7081958000085207 0.7265397512104126 0.8424733054286155 0.7468094203595863
0 0.5805146214899837 0.6290335072386177 0.5184444403508486 0.6156523347300638 0.5080514140846866 0.6638616394462299 0.5701215952238219 0.6772428119547838
0 0.47591683334838947 0.667665071182574 0.47114500368694034 0.5786116752191438 0.2813990072547138 0.5887790086949869 0.2861708369161628 0.6778324046584172
0 0.3818574277322783 0.43314337221727434 0.3605509638398562 0.37181553690823416 0.30192307658968576 0.3921839871639799 0.32322954048210795 0.45351182247302013
0 0.2561775317572921 0.4345914546983608 0.24936206122822896 0.3633506903879938 0.07946071066708274 0.3796048344697832 0.08627618119614582 0.45084559878015024
0 0.6132279050002023 0.37648464116822333 0.4539658471963781 0.3737047129599134 0.4525739964016074 0.45344383034735036 0.6118360542054317 0.4562237585556603
0 0.18857174934936674 0.5866949869090563 0.13887171912493473 0.5581009307153328 0.0886214391516206 0.6454421745227813 0.1383214693760526 0.6740362307165049
1 0.40574668627511984 0.353561187670216 0.3674438287210128 0.3510807323012652 0.36568648221254985 0.37821744027409876 0.40398933976665685 0.38069789564304957
0 0.4117719359723848 0.38403322136609475 0.3671385910707548 0.37272326695124897 0.3618743154522467 0.39349808360565514 0.4065076603538767 0.4048080380205009
