0 0.7527165461206351 0.0191347208547043 0.6161555795208055 0.0012519473503518562 0.6113839873993406 0.03768998824869365 0.7479449539991703 0.055572761753046096
0 0.3636275661343934 0.26883665985446664 0.3302699323643683 0.23977681817432228 0.2595387139799876 0.32096879798424516 0.2928963477500128 0.35002863966438946
0 0.6207492845067979 0.5213152406657503 0.6154625602288485 0.4680843418439638 0.47109677703715125 0.48242229419490845 0.47638350131510065 0.5356531930166949
0 0.786398539990644 0.3740565322241658 0.7853229950004131 0.3288572185926781 0.6791845985484632 0.33138284589546774 0.6802601435386941 0.37658215952695545
0 0.6342257296753343 0.32419372590848655 0.6198286283081714 0.29970917909846967 0.5572128760707186 0.33652772179557033 0.5716099774378814 0.36101226860558727
0 0.5611878627193561 0.3217914858281202 0.45238933095099815 0.2760088924815908 0.43351045001987654 0.32087298550465204 0.5423089817882345 0.3666555788511815
0 0.4115496476758208 0.48460819797485327 0.36685292639698075 0.4675794499759706 0.3377289455564972 0.5440234994294474 0.3824256668353372 0.5610522474283299
0 0.4867638060422994 0.450796065830896 0.42743188774470536 0.44215740726093067 0.4224386148686995 0.47645213669343855 0.48177053316629354 0.4850907952634039
1 0.6951349222823421 0.3697192298613072 0.6906346156250001 0.34737132031250006 0.6589580928178129 0.353750174950304 0.663458399475155 0.3760980844991111
0 0.6962088453124999 0.3465645515625001 0.6913197352022075 0.3235977403264759 0.6474936069348991 0.33292732311464207 0.6523827170451916 0.3558941343506662
