0 0.6039858755042055 0.5048499087207305 0.5958793330547225 0.44321719297493833 0.459540378359935 0.4611498365454415 0.467646920809418 0.5227825522912337
0 0.7543744890669652 0.4652389420360291 0.7159172501738563 0.42576724287228773 0.6639675048088682 0.476381830292247 0.7024247437019773 0.5158535294559884
0 0.9487086762725715 0.4601456011485661 0.8069831348524668 0.432258540739723 0.7946492334115923 0.49494097603060155 0.9363747748316971 0.5228280364394446
0 0.44757859842142017 0.6850208566064434 0.4393026719984715 0.6243306773664289 0.27768108719182727 0.6463699654517447 0.2859570136147759 0.7070601446917593
0 0.5226829682396603 0.6891568424182106 0.5212373134604801 0.6554248656939481 0.46658170157908146 0.6577672468467413 0.46802735635826176 0.6914992235710038
0 0.35057487734695253 0.7366489776969545 0.3469838286518101 0.6944541767386493 0.25728538600602213 0.7020880905883143 0.26087643470116456 0.7442828915466195
0 0.8684849864880508 0.6411621012505144 0.8188041840866453 0.619247762965926 0.7848282685516164 0.6962727100203251 0.8345090709530218 0.7181870483049136
0 0.6974210632257299 0.6587954316273941 0.5573964463372906 0.6262167102366343 0.5429503789352002 0.6883064721170993 0.6829749958236395 0.7208851935078591
0 0.30418832163428033 0.6820660387400823 0.29773815327521885 0.6573403923054492 0.24345413692014412 0.6715014394441738 0.2499043052792056 0.6962270858788069
1 0.2880624538368788 0.6679802693942003 0.2828154242256981 0.6371458713316925 0.24243815632631938 0.6440167925624922 0.2476851859375 0.674851190625
