0 0.5447210672343774 0.6176271039616595 0.49403558577928425 0.5653086385827075 0.4042996921930146 0.6522436611847446 0.45498517364810775 0.7045621265636965
0 0.7087844911875324 0.6379807117506872 0.6774531969725919 0.5831699811400772 0.5492464855503395 0.6564564006267571 0.58057777976528 0.7112671312373668
0 0.6262123820684777 0.7435452190201224 0.5800706493500009 0.6720657284083471 0.42376845562894117 0.7729625588734574 0.46991018834741805 0.8444420494852327
0 0.44321724166449455 0.7568785531628978 0.43461691506315836 0.7114703647007279 0.3589308928624755 0.7258053234851803 0.36753121946381173 0.7712135119473502
0 0.6195221591919899 0.6051212920771679 0.5611028004127968 0.5659547726433567 0.5401441364440023 0.5972159550926858 0.5985634952231953 0.6363824745264969
0 0.4589497739004037 0.6133752984351994 0.4275473979000946 0.5681931981463391 0.3142491421875 0.6469375328125 0.34565151818780915 0.6921196331013604
1 0.24919801622075344 0.5232943545121321 0.24130097922060925 0.4977926300581662 0.2077766485131111 0.5081740017367788 0.21567368551325533 0.5336757261907448
0 0.35180624107505915 0.5540776307613561 0.3074893554310064 0.4785204368747591 0.2724922897042476 0.4990474162384711 0.31680917534830033 0.574604610125068
0 0.26285734602348676 0.6483256612367839 0.20785432815409316 0.5729675761095421 0.16767323115978264 0.6022953064022929 0.22267624902917618 0.6776533915295346
0 0.25966323543238945 0.5239546490002543 0.20769697332582995 0.5225562902159738 0.20681050325471867 0.5554995781495411 0.25877676536127814 0.5568979369338216
