0 0.5571247203712877 0.8659711103796871 0.5552897369733667 0.8352521304787363 0.42566282549984547 0.8429953313026131 0.4274978088977665 0.8737143112035639
0 0.793614903477319 0.5392273341499545 0.753096574156067 0.5239069714310625 0.7243365380062896 0.5999697016280968 0.7648548673275417 0.6152900643469887
0 0.5827649349891844 0.4420807866769113 0.5744980303419333 0.39078839182429903 0.4435247083273278 0.41189764140291024 0.451791612974579 0.46319003625552246
0 0.6336493595903994 0.4446563525617348 0.5817999102558102 0.4264032294541794 0.5713823125293278 0.45599524515059464 0.6232317618639168 0.4742483682581501
0 0.5263104630271416 0.5756152535455688 0.5106530995851356 0.5565885835248447 0.4649857019578863 0.5941690451254097 0.4806430653998922 0.6131957151461337
0 0.42316991265100984 0.5922418269271258 0.4157025968683515 0.5507982211578953 0.30116874505955665 0.5714349496323142 0.30863606084221507 0.6128785554015447
0 0.680446056257594 0.3773651878461163 0.6399831157313052 0.37586656199277546 0.6370315034376877 0.4555601775987433 0.6774944439639766 0.45705880345208405
0 0.6515987596169716 0.5758613644966811 0.5361080957480124 0.542922125434016 0.5240467389129068 0.585211326632523 0.6395374027818658 0.6181505656951881
0 0.4571758064754465 0.581044158437544 0.45025447948413955 0.5599384114750022 0.4038785313992019 0.5751467384675226 0.4107998583905088 0.5962524854300643
1 0.43527513281249997 0.564174603125 0.4267959008456784 0.5448123874109194 0.3953164024081785 0.5585981014734195 0.40379563437500005 0.5779603171875001
