0 0.7980679893199198 0.2998609468305295 0.6694074176022654 0.24985236815408668 0.6484148025503679 0.3038615386986212 0.7770753742680223 0.353870117375064
0 0.6088975011380064 0.4015779720530899 0.6010466215830373 0.3407336895061841 0.4335104210321895 0.36235127585224475 0.44136130058715856 0.4231955583991506
0 0.728827161745595 0.49446162369395424 0.5773038865494955 0.4362545138240132 0.5600938596231602 0.481055220334234 0.7116171348192597 0.539262330204175
0 0.45507936531250015 0.7009325400000004 0.3267989418125001 0.6047222223750002 0.2957275137500001 0.6461507931250001 0.4240079372500002 0.7423611107500003
0 0.7444528092444159 0.758395857432887 0.6187706678249268 0.6269048758250757 0.5831687995112798 0.6609339703947676 0.7088509409307687 0.7924249520025789
0 0.38862908074837293 0.5779848264102222 0.2858396017568573 0.47043657396623617 0.24502155905790626 0.509448508117968 0.34781103804942193 0.616996760561954
0 0.5752394807639452 0.5415562992570122 0.5228925718757595 0.47791347927302985 0.49351314926850803 0.5020783726387914 0.5458600581566936 0.5657211926227738
0 0.4971397909186446 0.48759685853697504 0.48384930626786604 0.44523345735563585 0.42532033913454903 0.4635954943408513 0.4386108237853275 0.5059588955221905
1 0.4366557009848468 0.37045899230705037 0.4296725354310459 0.35700992747164484 0.4126383043120561 0.3658546209459793 0.41962146986585697 0.37930368578138485
1 0.0029761906250000913 0.7445436515625 9.11802999711498e-17 0.7445436515625 9.174220380092279e-17 0.7537202375 0.002976190625000092 0.7537202375
0 0.4421875 0.3828125000000001 0.4 0.3828125000000001 0.4 0.4140625 0.4421875 0.4140625
