0 0.09388046815262067 0.40201633065318215 0.028087577372940188 0.3875093119632423 0.00015298415606406212 0.5141995492734941 0.06594587493574455 0.528706567963434
0 0.3495238097805708 0.6048828934362062 0.25642294997830306 0.49795276987558185 0.2101853285062595 0.5382104837069744 0.3032861883085272 0.6451406072675987
0 0.6223513422772322 0.5913657774242889 0.5780321401221598 0.5524538147130785 0.49122260694900816 0.6513264744717698 0.5355418091040807 0.6902384371829802
0 0.7521824812758855 0.4923262317617597 0.7008780294834971 0.4582757437107354 0.6238661488366983 0.5743108593356342 0.6751706006290867 0.6083613473866586
0 0.4146501073085699 0.3765934303429676 0.358641328300184 0.3674993129354954 0.33740365688570495 0.49829771717964155 0.3934124358940908 0.5073918345871137
0 0.4893057625000002 0.47923214843750017 0.46209143084991033 0.45441659035592374 0.409063089130307 0.5125708689608042 0.4362774207803968 0.5373864270423805
0 0.4453955867595541 0.5444620896187466 0.3773201836136681 0.5334422263214778 0.37088542244311373 0.5731930788517036 0.43896082558899974 0.5842129421489725
0 0.7154067964189097 0.304867548329661 0.6671064308416816 0.26988835560408464 0.5754503041604714 0.39645000786480716 0.6237506697376994 0.4314292005903836
1 0.3399191966316771 0.6363978035109068 0.3198081849165793 0.6321055583752095 0.31645663651026473 0.6478090019419669 0.3365676482253625 0.652101247077664
0 0.3617343970100303 0.6116439190491705 0.34240604576858263 0.6114665741290596 0.3421261176488263 0.6419751955072442 0.361454468890274 0.6421525404273551
