0 0.3244577298842885 0.6593062844550671 0.24509826689496653 0.641428571732507 0.2351580515467449 0.68555335236161 0.3145175145360669 0.70343106508417
0 0.572181392252558 0.6677567512382375 0.5671192173478048 0.5986695433134117 0.5239700115600764 0.6018311825409854 0.5290321864648296 0.6709183904658114
0 0.6378909606337532 0.6834352273925827 0.4573736359031706 0.672700916801203 0.45367995025422275 0.7348170858898146 0.6341972749848053 0.7455513964811944
0 0.465468186023115 0.7252820673079465 0.26528761770103987 0.7194908150360891 0.26344930675335426 0.7830339164217215 0.4636298750754294 0.7888251686935789
0 0.4395330483489547 0.5827238736298692 0.4390893034988098 0.5336663784659379 0.2795341764021643 0.5351096190090343 0.27997792125230914 0.5841671141729656
0 0.5122448484118655 0.6239082879481882 0.4961113347444542 0.560363094884579 0.34243713836226874 0.5993794960965265 0.35857065202968 0.6629246891601357
0 0.2710428615296956 0.4267107543938618 0.2251251393989932 0.4057643936006448 0.18257975523444164 0.49903057703449916 0.22849747736514403 0.519976937827716
0 0.42666127592366376 0.3859964113312444 0.37755374547868803 0.3712429720040043 0.3505249368317421 0.4612096580139989 0.3996324672767178 0.47596309734123904
1 0.3427973822616365 0.37324990310875406 0.30479758055397455 0.35719938740491364 0.2945472915170182 0.3814670781157713 0.33254709322468023 0.39751759381961166
0 0.34146755729277445 0.3843444362523052 0.2829903356655901 0.3786783401444698 0.2807146710647505 0.4021644478065712 0.33919189269193484 0.40783054391440654
