0 0.6375889471124465 0.7082442909258788 0.42418793637037683 0.7053029421831573 0.42301156019808495 0.7906514969239682 0.6364125709401546 0.7935928456666896
0 0.3961644099756672 0.5283963985895863 0.23387859427282703 0.492281306328886 0.2172116620915908 0.5671753884143182 0.379497477794431 0.6032904806750184
0 0.46667393516529165 0.65947155950976 0.382340324808366 0.6335497059371427 0.3684285920215853 0.6788098432549993 0.452762202378511 0.7047316968276166
0 0.7746961625922142 0.7124386174745353 0.7717667189028123 0.6478751451131954 0.6084753014181746 0.6552841798969302 0.6114047451075765 0.71984765225827
0 0.3910070028346208 0.3711416094347404 0.3812538185575164 0.31588294627081914 0.28582804031705505 0.33272564833193197 0.2955812245941595 0.3879843114958533
0 0.42268728215820167 0.45132055457566456 0.392616038520628 0.3531954556741157 0.3217000472704813 0.3749282444769359 0.351771290908055 0.47305334337848476
0 0.588104701993946 0.5509271757736086 0.5472030767813809 0.5148810930851017 0.4727266563469163 0.5993897666657445 0.5136282815594815 0.6354358493542515
0 0.693074330483263 0.6384559923892027 0.6527827219080111 0.5728607087773557 0.6159976614672715 0.5954557670663877 0.6562892700425234 0.6610510506782347
1 0.4221967580248971 0.36332684363593504 0.41591715112153305 0.32344078057154996 0.39174723799036704 0.32724605844786414 0.398026844893731 0.3671321215122493
0 0.41697070452131235 0.3618790650240111 0.3821371847074693 0.33700179227025595 0.37239109066574216 0.3506484151645937 0.40722461047958525 0.3755256879183489
