0 0.7661627650057811 0.36760866529614405 0.605521109285104 0.3427700045698623 0.5985760256053211 0.38768666709581284 0.7592176813259981 0.41252532782209456
0 0.7767288459957935 0.8004482992992388 0.7712456262778666 0.7503244829603111 0.6167633293288141 0.7672238421586217 0.622246549046741 0.8173476584975494
0 0.4173520576424177 0.4147024377607803 0.223242565130376 0.39692789674624956 0.21947452792806982 0.4380773018705904 0.41358402044011155 0.45585184288512115
0 0.6243673926839834 0.5896952956082522 0.616943380953326 0.5460398052800562 0.4546884039201376 0.5736327344579456 0.46211241565079497 0.6172882247861415
0 0.604924380415723 0.2978138676831262 0.43094632290355533 0.29010133361080703 0.42903718229288124 0.3331674091507221 0.603015239805049 0.34087994322304127
0 0.624323339987487 0.5011558679609949 0.5293544897272301 0.4841339877986114 0.5242933392240805 0.5123712706188973 0.6192621894843374 0.5293931507812808
0 0.6969158732072196 0.4875349827792874 0.6425516589259056 0.47298269164822127 0.6291982910890468 0.5228679876419533 0.6835625053703608 0.5374202787730195
1 0.8004979295490934 0.5444413204821007 0.7957776005907811 0.5286339124190531 0.7596425252617063 0.5394243874802596 0.7643628542200187 0.555231795543307
0 0.8053440805803251 0.5598986050616321 0.7487876181000728 0.5156058056729644 0.6609373745961876 0.6277797723037506 0.7174938370764401 0.6720725716924184
0 0.7955088573749901 0.5327748889325964 0.7924750956775126 0.5136881431390501 0.7465423703125 0.5209889656249999 0.7495761320099775 0.5400757114185462
