0 0.571494977033949 0.30183808986160965 0.5641603796138124 0.22002336386259053 0.3413383826549649 0.2399991032430985 0.34867298007510167 0.3218138292421176
0 0.7712969040364133 0.34349426753913104 0.7665071276711497 0.2733331388541223 0.5616453028035993 0.28731869389416 0.5664350791688628 0.35747982257916877
0 0.43551288619370787 0.37284973245557074 0.4264479706147964 0.32561914669691616 0.3515476173383824 0.3399946910264068 0.360612532917294 0.3872252767850613
0 0.7115193753558509 0.4234353424016886 0.698443379838103 0.35200162365023147 0.6559568178873081 0.35977882051668714 0.6690328134050559 0.4312125392681443
0 0.6446201676190603 0.40202151329645375 0.47489318952666215 0.35976210435056777 0.4572767962993132 0.4305150387135175 0.6270037743917113 0.47277444765940346
0 0.5721625446469517 0.446238798848273 0.40905719605360674 0.4353027229890669 0.4055405005275857 0.4877522356893156 0.5686458491209307 0.49868831154852167
0 0.41555614746054054 0.5941904385088577 0.3721375063191633 0.4978639199139888 0.32183422934026507 0.52053784152189 0.3652528704816422 0.6168643601167588
0 0.574812617590166 0.6335872670960645 0.5324316007247233 0.5529394974217529 0.48640278082186195 0.57712799265823 0.5287837976873048 0.6577757623325416
1 0.4975283598636329 0.6566537208785126 0.4891825781872261 0.6279910241133306 0.43992252803266363 0.6423341833536095 0.4482683097090704 0.6709968801187914
0 0.48496448462938846 0.6330577012154563 0.4795349335085845 0.6120365371189476 0.42283058135114737 0.6266826897961918 0.4282601324719513 0.6477038538927007
