0 0.3751839650315826 0.2009911720253048 0.35946838203404613 0.14211549662778644 0.2112230883384348 0.18168635847077008 0.22693867133597126 0.24056203386828848
0 0.49302855571757503 0.6688232929972344 0.4759748580923759 0.6098070202273222 0.38090181953174457 0.6372798980595615 0.39795551715694366 0.6962961708294737
0 0.2118951413922348 0.5281408414263828 0.18915709156596688 0.46921074932731255 0.14484331742024778 0.4863091241749439 0.16758136724651568 0.5452392162740143
0 0.35651463732920996 0.6383564063195093 0.2981216721972348 0.620666253947739 0.28174272029449854 0.6747311114602733 0.34013568542647366 0.6924212638320435
0 0.37556781484091895 0.6153467662616338 0.32568737858614744 0.6040382205055905 0.3192049220491267 0.6326314425736349 0.3690853583038982 0.6439399883296782
0 0.45992118205269517 0.45826876868272803 0.43358357298340167 0.44149375282723025 0.4039912469579761 0.48795517623347395 0.4303288560272696 0.5047301920889717
0 0.40320127234015574 0.4646952952034053 0.2748017282271337 0.4528797252964477 0.26943734679340725 0.5111743429884179 0.39783689090642926 0.5229899128953754
0 0.5982331838736826 0.45502891009330754 0.5181487135732097 0.44733794920480613 0.5122365123043335 0.5089005437611783 0.5923209826048064 0.5165915046496798
1 0.5187087221263988 0.5150658629857132 0.513394246875 0.4859463953125 0.4854460252576521 0.4910471112243723 0.49076050050905096 0.5201665788975854
0 0.516483771875 0.4841327890625 0.5015448969946742 0.4593643907247954 0.45530816679408365 0.4872517299836495 0.4702470416744095 0.5120201283213541
