0 0.32986966508073645 0.30614532644600595 0.12744075280747463 0.29384310393068486 0.12237092309123594 0.37726543786999833 0.3247998353644978 0.3895676603853194
0 0.38625613691217464 0.4149476278730285 0.3337408106221428 0.4081873193541667 0.32038825191694936 0.5119124637397503 0.3729035782069812 0.5186727722586122
0 0.40535668145657483 0.403022501178559 0.3902616828566289 0.3436464439106556 0.23930811593185544 0.3820229206629787 0.2544031145318014 0.4413989779308822
0 0.7440986789052376 0.24721253873190605 0.563076368587161 0.2165926312819944 0.5499077784417954 0.2944442255640929 0.730930088759872 0.3250641330140046
1 0.5237754038774783 0.36036794930785204 0.5127644943148384 0.3114895947032449 0.4813460637574584 0.3185672776626216 0.4923569733200985 0.3674456322672287
0 0.5715202948095766 0.1971892590612297 0.5269959642166958 0.12653077326601236 0.34969344546447073 0.2382551595308659 0.39421777605735164 0.30891364532608323
0 0.5794570704220614 0.42229372281999106 0.5699032374188365 0.34371406708939717 0.4074520316204248 0.36346512958694255 0.4170058646236498 0.44204478531753644
0 0.5560887809342026 0.3334050218956424 0.49903756514626013 0.29818564004574427 0.4862168837730273 0.31895362122980003 0.5432680995609698 0.35417300307969823
0 0.4671352534928932 0.2936846247306414 0.4495010270995891 0.25942138660443764 0.3888140700804644 0.29065508189191014 0.4064482964737685 0.3249183200181139
0 0.3435208125629921 0.22869563756850378 0.21604331397474535 0.22449552157167907 0.21397612163579516 0.28723676697284845 0.3414536202240419 0.29143688296967313
