0 0.5958064167147591 0.8123743689506606 0.5800475082693127 0.7278650603882921 0.2971767829217975 0.7806134964893714 0.3129356913672438 0.8651228050517398
0 0.36913573144740097 0.7561889219230803 0.368322997704459 0.6796836051808558 0.0793765978188447 0.682753149875114 0.08018933156178666 0.7592584666173385
1 0.22104029452718935 0.7505958582070551 0.2189253336811567 0.7045367126206731 0.13884038957629424 0.7082140826409405 0.14095535042232687 0.7542732282273226
0 0.23602414783130693 0.7845605819030432 0.22929239811412455 0.740964479264414 0.13385809288164957 0.7557006556282378 0.1405898425988319 0.7992967582668672
0 0.4679205738769636 0.5817110042136505 0.1980228516597884 0.5419902085212699 0.18711800072552248 0.61608727472986 0.4570157229426977 0.6558080704222407
0 0.5299654044471155 0.4998092183894232 0.4807310743990385 0.42595772331730775 0.32516788810096153 0.5296665141826924 0.3744022181490385 0.6035180092548079
0 0.5982559974960102 0.5787291189263761 0.5017590745362779 0.5617667712188672 0.4923542151536349 0.6152699776701931 0.5888511381133672 0.6322323253777019
0 0.9314704948661987 0.5527197955134623 0.7998919998374185 0.520295101138163 0.7893123020153416 0.5632272164320112 0.9208907970441217 0.5956519108073105
0 0.8218871364821526 0.7149955756591193 0.5701850143590501 0.6346109386895098 0.544039712710522 0.7164776753766597 0.7957418348336244 0.7968623123462695
0 0.8464351186169768 0.6275495534892004 0.6894849922860123 0.48018185773817035 0.6232381352878019 0.5507363474579825 0.7801882616187663 0.6981040432090125
