0 0.6818560329254455 0.46679341062686347 0.6647289985621299 0.32760599013699554 0.3411107083045182 0.36742727253688773 0.3582377426678338 0.5066146930267557
0 0.35178192027255967 0.46653040811181123 0.349080165116829 0.34497901282084686 0.060471826050825885 0.3513939870479375 0.06317358120655656 0.47294538233890177
0 0.3681465104639144 0.5721649517572394 0.36506382105046337 0.4619003591207048 0.10706433954453345 0.4691133025624481 0.11014702895798448 0.5793778951989826
0 0.9843056189056043 0.4775492004080476 0.9816206610415582 0.3680889688155986 0.733598804714413 0.37417271470132174 0.7362837625784591 0.4836329462937708
0 0.6196323508420782 0.4944694766671381 0.3859797445070276 0.4929086759405905 0.3853709449863917 0.5840462518736577 0.6190235513214424 0.5856070526002053
0 0.8620464857699919 0.5904182282564205 0.8581676088062681 0.5020033931769415 0.6338038041996733 0.5118465331024937 0.6376826811633971 0.6002613681819727
0 0.7311941079300942 0.5078233912215573 0.723952751668668 0.44112166972649147 0.5838029019250637 0.45633679415253586 0.5910442581864899 0.5230385156476016
0 0.5477703588290973 0.48315433752344517 0.5453038289901704 0.4599206466792397 0.44973463526773 0.470066441834183 0.452201165106657 0.49330013267838846
1 0.8578872363585063 0.572204368436649 0.822021916614671 0.4710986664148125 0.7864277945526545 0.4837250024495458 0.8222931142964898 0.5848307044713823
0 0.8275941111948623 0.5362608580820705 0.7984234268355694 0.4882920708674169 0.7683777712671677 0.5065633757272183 0.7975484556264605 0.5545321629418719
