0 0.6644906473962005 0.6816143320591485 0.393359240170808 0.6577140194014729 0.38356475203327384 0.7688252583973026 0.6546961592586664 0.7927255710549782
0 0.3977977796169589 0.6607459075394411 0.39492547637757525 0.5688321134015175 0.17676571303476857 0.5756495992950105 0.17963801627415216 0.667563393432934
0 0.9544390813101942 0.7452055182168823 0.9503807961500363 0.6561313587293363 0.7109115143607848 0.6670417578640577 0.7149697995209426 0.7561159173516037
0 0.823471427601865 0.5426093614814237 0.6290727529070057 0.5418317675566621 0.6287432214687781 0.6242147091175545 0.8231418961636374 0.6249923030423161
0 0.6184574410771738 0.6317133293917006 0.6131703134795229 0.5506442283111129 0.41171093470118736 0.5637829140390542 0.41699806229883823 0.6448520151196419
0 0.797049089497599 0.6023350499263201 0.7657449788433132 0.5809913521743212 0.7515776445053792 0.6017701228889418 0.7828817551596651 0.6231138206409408
0 0.8127057297275616 0.5749398612133734 0.7995750808206545 0.5695682322432798 0.7970545370305929 0.5757295616549065 0.8101851859375 0.5811011906250001
1 0.8179300707182925 0.5755239086463033 0.7817358430903762 0.5621804144882383 0.7462021560606177 0.6585655398219104 0.782396383688534 0.6719090339799754
0 0.5682886508741363 0.6483106963057332 0.4733227885214547 0.6459439482110775 0.47232920250236515 0.6858116271319897 0.5672950648550467 0.6881783752266455
0 0.7094626723900546 0.6277299473040087 0.5901309938888951 0.6221710202260031 0.5876229336803697 0.6760107325060007 0.7069546121815291 0.6815696595840063
0 0.39161357526086177 0.6929359283927342 0.15307025860338447 0.6826143408505974 0.1487146311006728 0.7832777151987523 0.38725794775815015 0.7935993027408891
