0 1.0065188246577619 0.5088486560984723 0.7294262465922927 0.25026781918064245 0.6050859319188374 0.383509627665035 0.8821785099843066 0.6420904645828649
0 0.6356872551716319 0.22965867664523493 0.316971035100291 0.1753269764605801 0.2921317047840265 0.32103744457766725 0.6108479248553673 0.3753691447623221
0 0.34431992840336983 0.3292300284828583 0.04067114090770417 0.2397257202351351 0.0059471362691192135 0.3575290093943294 0.30959592376478484 0.4470333176420526
0 0.42872657101444067 0.47008429331087315 0.38923406626090157 0.36938586651676986 0.20114031470171673 0.4431535867687521 0.2406328194552559 0.5438520135628554
0 0.691350203596638 0.4358130840341022 0.6601266515017078 0.32995466806478585 0.46631933946767345 0.3871192557667885 0.4975428915626036 0.4929776717361049
0 0.462240125 0.36713272812500003 0.46197033777672863 0.36068734213336706 0.4536387874193519 0.3610360793291503 0.4539085746426233 0.36748146532078324
0 0.5051395421835163 0.35451234527994113 0.4738158630950136 0.3122644067362552 0.38635914830035356 0.3771070040982525 0.4176828273888563 0.4193549426419384
0 0.22270176512984144 0.4128871517993665 0.21585190531142814 0.41181615269656235 0.21467628705658676 0.419335132147196 0.22152614687500005 0.42040613125000015
0 0.26484966888427675 0.4580317090617867 0.2636814818853782 0.3820996082570396 0.17262420564252437 0.38350049042854095 0.17379239264142293 0.45943259123328806
0 0.25640011711615157 0.30663177569047434 0.25184723148360366 0.29936904293648847 0.2443059873988517 0.3040965226618248 0.24885887303139959 0.31135925541581067
1 0.3483191002702802 0.17523265264412444 0.2561963268860838 0.14433387519589286 0.19815585269103267 0.3173779207197075 0.29027862607522903 0.34827669816793905
