0 0.8575503463200065 0.6917659621817344 0.7477586013678399 0.5256767494184664 0.652038559597453 0.588951601758481 0.7618303045496196 0.7550408145217491
0 0.8298828169713879 0.47904051325316044 0.7590098399378087 0.4641909390567361 0.7315534727858246 0.5952327085275837 0.8024264498194038 0.6100822827240081
0 0.3733988816268996 0.5855881232519172 0.32922961498983677 0.5275311191462914 0.15720268966489578 0.6584077162164306 0.20137195630195862 0.7164647203220564
0 0.269344449147492 0.41308207445827155 0.24041304095798982 0.37357957933116503 0.20053691421616832 0.402784633241603 0.22946832240567047 0.4422871283687096
0 0.7076128792073859 0.3875809899885775 0.6454856587744621 0.35041559838262254 0.6236573686018517 0.3869046796657133 0.6857845890347757 0.42407007127166824
0 0.7257937005482097 0.33734280665942923 0.5835553685699302 0.28615421533122676 0.5645994694506713 0.33882719190494237 0.7068378014289508 0.39001578323314484
0 0.553503376781689 0.27471887989996685 0.5079078866029912 0.26329450606469246 0.48948743078904017 0.3368118580230874 0.5350829209677379 0.3482362318583617
0 0.3915008559888671 0.306954595250282 0.26637550158090645 0.2679925725069522 0.2458929248019658 0.33377174664112796 0.37101827920992647 0.3727337693844578
1 0.2941447522367825 0.38898766480768204 0.2929676067680124 0.3042331076259707 0.27016143603897563 0.30454985968540427 0.2713385815077457 0.38930441686711553
0 0.2855356823198551 0.3444194497783094 0.2666734707373678 0.32098904201995027 0.2522001059516164 0.3326405536673294 0.2710623175341037 0.35607096142568856
