0 0.5722901955332105 0.9107420423552073 0.5211475433658745 0.7773284441272618 0.4630677155818315 0.7995927145595983 0.5142103677491675 0.9330063127875439
0 0.5661573231988659 0.6263933816490218 0.5330388369605491 0.5728015251641411 0.4739455538171466 0.6093197615703358 0.5070640400554633 0.6629116180552166
0 0.7482675259717398 0.8557147644775945 0.6107688262931733 0.6145949542389628 0.5265376168170677 0.6626278461189594 0.6640363164956342 0.9037476563575909
0 0.5020662486057819 0.5087534890247849 0.3278578577257865 0.42592325079638405 0.2924684533247575 0.5003541751395522 0.46667684420475286 0.5831844133679531
0 0.8227508546689949 0.349299797149679 0.7183702054877095 0.219236554587347 0.6164414548577468 0.3010382146981504 0.7208221040390322 0.43110145726048243
0 0.6448539166251488 0.2504507605793175 0.6229822946093171 0.15134737776367888 0.5036347385329621 0.17768678779039093 0.5255063605487938 0.27679017060602956
0 0.5388825905902569 0.09353174636332404 0.3589874518651146 0.060953194963993616 0.340962341393954 0.1604858509436607 0.5208574801190963 0.1930644023429911
0 0.28437174418253264 0.41299862504002816 0.2763566437500001 0.3393049859375 0.2097965669182753 0.34654422268982177 0.21781166735080787 0.42023786179234995
0 0.6484818868665212 0.902143177122144 0.6154719273248601 0.801192821756816 0.5719812026918369 0.8154139411909996 0.604991162233498 0.9163642965563277
1 0.6964245490752797 0.8832108616774466 0.6687596731766584 0.8139144112654341 0.6175110944325712 0.8343741254716631 0.6451759703311927 0.9036705758836756
