0 0.4010275809012411 0.36241335602064567 0.3081882075201476 0.20803940563650566 -0.020343786166184395 0.40561616229514713 0.07249558721490908 0.559990112679287
0 0.7266040590544572 0.21614156837702506 0.40248388165004184 0.20560381703212208 0.39770857624804046 0.3524826703470282 0.7218287536524558 0.3630204216919311
0 0.9944443303735617 0.4542053732490575 0.9824182749080392 0.3314115042601146 0.6678897945736055 0.36221546036258945 0.679915850039128 0.48500932935153224
0 0.7826884193848941 0.5001475212471826 0.6149469316633984 0.38999660716664 0.5548436030706646 0.48152396160863054 0.7225850907921603 0.5916748756891732
0 0.5344661108581219 0.39584506311708295 0.35880504730276835 0.298928990442171 0.3060876193458729 0.39447969949611056 0.48174868290122647 0.4913957721710225
0 0.5537862327597525 0.3695171103139413 0.5448974781616385 0.3688823401465885 0.5444438458562353 0.3752346018751469 0.5533326004543493 0.37586937204249965
0 0.6164678326886402 0.3987263230377868 0.5434588884341817 0.3189488923884317 0.5043752670338556 0.35471657646715976 0.5773842112883143 0.43449400711651487
0 0.7761186241572382 0.47362729157313377 0.776004951406989 0.46633813651628797 0.7686568991247509 0.4664527277556543 0.768770571875 0.47374188281250007
0 0.824001943562022 0.44775017265951933 0.7355160988885892 0.42769185827869294 0.7187977030402076 0.5014438869956692 0.8072835477136406 0.5215022013764956
0 0.7718542976971479 0.3563134215688714 0.765826035589477 0.3497262983835415 0.7595316704943518 0.3554866404216706 0.7655599326020225 0.3620737636070005
1 0.8145645024914238 0.37834545396712216 0.7948359632587925 0.19830613641562067 0.697774018205745 0.20894209314449902 0.7175025574383763 0.38898141069600045
