0 0.8899111762865282 0.6605347880213479 0.8559145683793801 0.571260649434303 0.5931512392856533 0.67132391538076 0.6271478471928014 0.7605980539678049
1 0.8920130909961644 0.6665688186231543 0.8860153666689135 0.6118736075915875 0.7974799408590857 0.6215821555099171 0.8034776651863366 0.676277366541484
1 0.8693917900160877 0.5317171033899251 0.819861345716643 0.5310083386708884 0.8189675168922366 0.5934715759221356 0.8684979611916811 0.5941803406411723
1 0.8908130141134005 0.5952693038606144 0.8668536593769838 0.575780745921208 0.8562236457400711 0.5888493510161367 0.8801830004764879 0.6083379089555432
1 0.806274084619359 0.5912314220392096 0.7961224232191514 0.5841085594133113 0.7839619214857689 0.6014399755219249 0.7941135828859766 0.6085628381478232
0 0.8904659077635225 0.6138616357029038 0.8861010024639281 0.5813899988329643 0.7713899288681189 0.5968097011124028 0.7757548341677132 0.6292813379823422
0 0.7900524865897055 0.49656788554861936 0.7332236057717869 0.4406529850538067 0.6762237562397142 0.49858454939590846 0.7330526370576329 0.5544994498907212
0 0.6324706209351236 0.4843786612204301 0.5184519257800415 0.41423810725491383 0.47810602888222603 0.4798233679788602 0.5921247240373081 0.5499639219443765
0 0.9970024257733607 0.2896482857157964 0.6574078272297064 0.19445388586809093 0.6240465248057941 0.31346632905452676 0.9636411233494485 0.4086607289022323
0 0.7122465936208686 0.1334244328773086 0.3712763383489934 0.12418775741912917 0.3689902661411616 0.20857771220357274 0.7099605214130368 0.21781438766175215
0 0.375919243357271 0.3379200556523343 0.10461068684072153 0.267169838066171 0.08336719652346439 0.34863306022982293 0.35467575304001386 0.4193832778159862
0 0.5919970219646109 0.5409468047634135 0.32985989704952307 0.5359482907394489 0.3283923899017601 0.6129087839305435 0.5905295148168479 0.6179072979545082
0 0.6924352193604045 0.8014588010753698 0.4743507601977561 0.7700479262087098 0.46098877043476794 0.8628196915023638 0.6790732295974163 0.894230566369024
