0 0.553045043977358 0.8676693007069003 0.4245419955227196 0.859722010480089 0.4226262242936043 0.8906989140606927 0.5511292727482427 0.898646204287504
0 0.801154111628777 0.5952732937369043 0.7603719648082949 0.577667521802465 0.7292437225792939 0.6497732238173464 0.770025869399776 0.6673789957517856
0 0.5926830208803453 0.4708196064051606 0.5860947702759869 0.4179461590529385 0.45555993582711657 0.434211340254736 0.46214818643147487 0.48708478760695806
0 0.6446373168260652 0.4852569426078347 0.5941020841758687 0.4619530290258407 0.5813027768317671 0.4897087092947256 0.6318380094819636 0.5130126228767196
0 0.5321304511426938 0.6044401858533595 0.5175985002941753 0.5835371741722157 0.4705068919694309 0.6162756593241039 0.48503884281794934 0.6371786710052476
0 0.4264834220490362 0.6095067180605874 0.4229915969759814 0.5672298372611707 0.3088021472499822 0.576661223306971 0.312293972323037 0.6189381041063877
0 0.6934758058070656 0.42152498827351836 0.6528817737232336 0.41858175287468413 0.6470938469205321 0.4984106671439269 0.687687879004364 0.5013539025427611
0 0.6583417557308604 0.6179091358654919 0.5436806141494273 0.5728702473482723 0.5279698273461688 0.6128671657738991 0.642630968927602 0.6579060542911186
0 0.4622762821014292 0.6026117094821075 0.4574387944670698 0.5805733002225606 0.4101323961966406 0.59095717657063 0.414969883831 0.6129955858301769
1 0.4417922374999999 0.5833396484375 0.43508766721905656 0.562811913684297 0.4031413656565566 0.5732459058717969 0.4098459359374999 0.5937736406249999
