0 0.3676964465369935 0.48121121995926985 0.36623187341906804 0.424622223905181 0.2097834315493218 0.42867124753664376 0.21124800466724727 0.4852602435907326
0 0.29337274214254117 0.5039759638826646 0.2841643485732798 0.4661831693518095 0.2037517994951422 0.4857760681837413 0.21296019306440347 0.5235688627145965
0 0.44927839627597865 0.4810053020210864 0.449146795511036 0.45056026335096977 0.39632148683332075 0.45078860436592627 0.3964530875982634 0.48123364303604294
0 0.6036412414169001 0.4394667709704068 0.4804928666532355 0.42162265037860597 0.4718121790864539 0.48153104206317654 0.5949605538501185 0.4993751626549773
0 0.7612820556037612 0.44158516620727306 0.7189190683173297 0.4137219192071825 0.6791974337980947 0.47411427398655037 0.7215604210845262 0.501977520986641
0 0.5307749894125574 0.31415027920265987 0.5243165050237855 0.25191574686866036 0.3963286191507345 0.26519788673317796 0.4027871035395064 0.32743241906717746
0 0.6736126583843207 0.28398672611962905 0.6405263482944455 0.23895899242311183 0.5844807541923245 0.2801412095458332 0.6175670642821997 0.3251689432423504
0 0.8415464920575666 0.26487104022778435 0.718945510954737 0.24786295253403062 0.7102828232122178 0.3103070106400082 0.8328838043150473 0.32731509833376193
1 0.6078800953124999 0.25921384843749995 0.6066534031273825 0.2378309657779277 0.5760724406273826 0.2395853329654277 0.5772991328124999 0.26096821562499994
0 0.621641440625 0.25910480156250015 0.6130108054022276 0.2423961519574922 0.5628854241522276 0.26828776445749214 0.571516059375 0.2849964140625001
