0 0.31482731932581387 0.5594685831227291 0.25321107929053877 0.4693868448793264 0.07783479898041859 0.5893448651706751 0.1394510390156937 0.6794266034140778
0 0.4523173521274638 0.4905195129093437 0.4070544812763381 0.3932592235931286 0.24978253057173977 0.46645024578002275 0.2950454014228655 0.5637105350962379
0 0.536105285660703 0.3578407481233284 0.4652573967822846 0.33429086087342186 0.4280933178958555 0.4460959197798061 0.4989412067742739 0.4696458070297126
0 0.5676035961567854 0.6232644258624231 0.5054403530426089 0.5193982865938642 0.2831107192804953 0.6524611998047309 0.3452739623946718 0.75632733907329
0 0.6827047125900704 0.5273422287405185 0.6328429923489461 0.43341473687912313 0.471479667682293 0.5190749923832227 0.5213413879234172 0.6130024842446181
0 0.487292280594792 0.5464282077899666 0.4704443130562366 0.49827856927338915 0.40015925587408496 0.5228719078390093 0.4170072234126404 0.5710215463555867
0 0.5575202661296035 0.4318807340966444 0.5074835597531889 0.42216094946979743 0.4940731027860406 0.4911969542167894 0.5441098091624552 0.5009167388436363
0 0.71363255614846 0.39081931904631106 0.6654360207158357 0.362548954132548 0.6181962607881039 0.4430853310109792 0.6663927962207281 0.47135569592474225
1 0.632309149268011 0.3590228477047047 0.590043646855697 0.3443636403575602 0.5774178513536132 0.38076639922532773 0.6196833537659272 0.3954256065724723
0 0.6235095846289724 0.39578272880830384 0.5585448760788604 0.36956411198915345 0.5478248137069981 0.3961263724024633 0.61278952225711 0.4223449892216136
