0 0.23181326421572232 0.374643438360079 0.1711102313143505 0.2815654469293934 0.13802390594336283 0.3031434834416684 0.19872693884473464 0.39622147487235404
0 0.4122022540188972 0.4763469137047209 0.35182621777022927 0.3788978695809969 0.31401205129027565 0.40232621109667355 0.3743880875389436 0.4997752552203975
0 0.4589941787224916 0.6357264366204172 0.4138469492606559 0.6145636737414989 0.37021680832474174 0.7076413118342163 0.41536403778657754 0.7288040747131346
0 0.4652744596337099 0.5670037365055653 0.3525951954517016 0.5355583544079359 0.3440683262319481 0.5661129632365073 0.4567475904139565 0.5975583453341369
0 0.24319553585371737 0.4656340311540358 0.20504414351569994 0.45519946271328776 0.1809332637471024 0.5433548702790063 0.2190846560851198 0.5537894387197544
0 0.2905186286861096 0.6185996577531886 0.18754186361257097 0.60202868378463 0.1828362162715615 0.6312709203407595 0.28581298134510014 0.647841894309318
0 0.24417852333511175 0.4321647489414245 0.20609951700192902 0.4043377820651112 0.1883590870529635 0.4286141592708163 0.2264380933861463 0.4564411261471296
0 0.1313085075220804 0.34205204238818304 0.09761650063848756 0.29151404142718884 0.07312016301883945 0.3078449361996393 0.10681216990243225 0.3583829371606335
1 0.15013227499999998 0.2948908734375 0.13356134427138983 0.2799770342157978 0.12372018369848592 0.29091165592644463 0.14029111442709608 0.3058254951481468
0 0.1377274770238494 0.30970231289784417 0.1228568222934576 0.2818198359057153 0.10802736125889853 0.289728881968767 0.12289801598929036 0.3176113589608959
