0 0.37510494269884037 0.3120772605423696 0.3260304686982141 0.2567209535595506 0.21355332849162192 0.3564341893873376 0.2626278024922482 0.4117904963701566
0 0.31441473156988764 0.4373574851038907 0.2817143919699014 0.37707882722349495 0.16694868449078915 0.43933763889853344 0.19964902409077537 0.4996162967789293
0 0.3821661198423107 0.4913795822784909 0.3114138741473626 0.449211184359406 0.28872327880071924 0.48728259935626966 0.35947552449566733 0.5294509972753545
0 0.525674153645938 0.38271169021006346 0.5244000994180625 0.3300061673455131 0.430319142056731 0.3322803927961704 0.43159319628460635 0.3849859156607208
0 0.4880346130012212 0.4332777999758707 0.425952352519274 0.4094834812386023 0.3844005836881818 0.5178970804906421 0.44648284417012907 0.5416913992279105
0 0.6147532161346634 0.48923374663732844 0.5903043287128933 0.42890111193090935 0.46499253644751715 0.4796818198616116 0.4894414238692873 0.5400144545680308
0 0.8331474097803291 0.54919130373177 0.7530479385991754 0.4548907953458974 0.710285772069993 0.49121326045427305 0.7903852432511467 0.5855137688401457
0 0.7093106278787374 0.6603165574985072 0.6773165526675871 0.5695417124008284 0.621179951752192 0.5893273548863964 0.6531740269633424 0.6801021999840752
1 0.7812379745976352 0.6579983345820611 0.7750897554787339 0.6238314905776112 0.7342138033885914 0.6311869931845003 0.7403620225074926 0.6653538371889502
0 0.7815798179177657 0.6107966565436859 0.7300078127013752 0.5920122598557684 0.7163064836875008 0.6296288531972793 0.7678784889038914 0.6484132498851967
