0 0.7482792674526939 0.8798386378590447 0.728041378712893 0.812316634414725 0.5359859978206748 0.8698800246002957 0.5562238865604757 0.9374020280446154
0 0.8758035354482427 0.7567355791543711 0.8578294120188987 0.7122671635562307 0.6989893366500176 0.7764702857454091 0.7169634600793617 0.8209387013435496
0 0.7646880599931549 0.7073375175798552 0.7332254590507774 0.6498882898535563 0.692413970285384 0.672239079162811 0.7238765712277615 0.7296883068891099
0 0.665970748325398 0.6327152474046407 0.6250413108710434 0.6095227134407528 0.5613486928378724 0.721925395707032 0.602278130292227 0.7451179296709199
0 0.5635019674056126 0.7890565640949779 0.4748738157296243 0.7660523776317534 0.46169201368580975 0.8168378619508669 0.5503201653617981 0.8398420484140914
0 0.48697345405496384 0.6352145425412645 0.33132027010065535 0.5981924894487631 0.31386121304916187 0.6715962472607606 0.4695143970034704 0.708618300353262
0 0.5113213220551278 0.5573315458694659 0.43275069871773075 0.45431205851516954 0.3757632495105057 0.49777509178790497 0.45433387284790283 0.6007945791422014
0 0.4634208092863032 0.42582400660890335 0.4448614899021579 0.3852668171375645 0.34975238943813974 0.4287895610667977 0.36831170882228503 0.4693467505381366
0 0.4911773617538742 0.44376601618770223 0.4492599237215257 0.4132102623300318 0.4299730230210138 0.43966869856157037 0.4718904610533624 0.4702244524192408
1 0.5080914401188629 0.43564786372616027 0.4896141725877253 0.4080009339975009 0.4659969265625 0.42378504374999987 0.48447419409363757 0.4514319734786592
