0 0.49751933666293874 0.17306890412929135 0.4948731290918425 0.14204076359362938 0.3657252782552155 0.15305502402866583 0.36837148582631174 0.1840831645643278
0 0.7700566632075189 0.440412193285893 0.7386387490425378 0.3670270764889656 0.6991691627754439 0.3839249452611632 0.7305870769404251 0.4573100620580906
0 0.5744787032647248 0.6099755799066666 0.5744537288220378 0.5584024345461006 0.4414047532006903 0.5584668638918963 0.44142972764337723 0.6100400092524623
0 0.6251308859205615 0.5523962572224927 0.6110153548203712 0.5243641535413455 0.5618990963992542 0.5490965846551239 0.5760146274994447 0.5771286883362712
0 0.501902043155436 0.4361602920093297 0.4517901538586334 0.4047029811214776 0.43868391379866994 0.42558138529670025 0.48879580309547255 0.45703869618455223
0 0.3976907296202048 0.4335440261514532 0.2813395328388266 0.4267450167745996 0.2788812185616604 0.4688140583598014 0.3952324153430386 0.475613067736655
0 0.6801572352432919 0.6131895151750514 0.6670520003325804 0.5344912188573596 0.6270944154782818 0.5411451562420567 0.6401996503889933 0.6198434525597485
0 0.6261866889141786 0.4199173213924715 0.6088187798562025 0.37949646286714234 0.49843050896060415 0.4269277525509227 0.5157984180185803 0.46734861107625186
0 0.43261061401617285 0.4396017110816347 0.3846524989701222 0.4304334101143656 0.3804799952335078 0.45225920040473805 0.42843811027955836 0.46142750137200705
1 0.4130340578125001 0.4591369828125001 0.380038459375 0.44947804062500013 0.37409749645548895 0.46977277094008085 0.4070930948929889 0.47943171312758076
