0 0.9170408946859195 0.44047539629138077 0.7705492840610825 0.3666793051147004 0.7314942633457318 0.44420689223148296 0.8779858739705688 0.5180029834081633
0 0.4538450875307943 0.44301239364985817 0.3685015281250001 0.4290427171875001 0.36160963215738445 0.47114669393425085 0.44695319156317864 0.48511637039660893
0 0.31975651184281934 0.3815938355321518 0.28820612513068966 0.3045921923630028 0.14059613411250654 0.36507339909475167 0.17214652082463616 0.44207504226390065
0 0.2923066325499497 0.2929502263408759 0.290073406272564 0.23687447342342377 0.15965072618126003 0.24206857856144545 0.16188395245864579 0.2981443314788976
0 0.4119456747165081 0.24186610515724594 0.3865301058573521 0.17841357645844383 0.28823833723352976 0.2177838153594846 0.3136539060926858 0.2812363440582867
0 0.4537298596579067 0.2653031928020928 0.4505417043946364 0.22510208969621917 0.37788762453812924 0.23086393375513853 0.38107577980139956 0.2710650368610122
0 0.742330966838523 0.2450578966189194 0.6135476286329238 0.20182069683291673 0.59250710856931 0.26449053726627636 0.721290446774909 0.30772773705227907
0 0.8597878161944754 0.260468544313854 0.7303789626521154 0.23974085362328285 0.7189667556937887 0.31099049937069917 0.8483756092361487 0.33171819006127035
1 0.3376298658080018 0.3750627345591697 0.3297813905946323 0.34285137959675155 0.286429368143553 0.3534143402065647 0.29427784335692253 0.3856256951689829
0 0.3547919782350798 0.37465838637181625 0.2904999785696476 0.3711189887715323 0.28887348795194595 0.40066365881389093 0.35316548761737815 0.40420305641417487
