0 0.6242132073960005 0.8280054443057041 0.6197608156774287 0.5371155434746002 0.4583449386970527 0.5395861920322164 0.4627973304156245 0.8304760928633202
0 0.6160533478457279 0.5279991273210245 0.5802469450346215 0.2932682553971516 0.43597982978456196 0.3152751026375745 0.47178623259566843 0.5500059745614474
0 0.39792264666754906 0.2219887423028885 0.3904035995742173 0.18888162112273385 0.31559132860787475 0.20587243664831392 0.32311037570120654 0.23897955782846858
1 0.38927107735807215 0.19547869713472643 0.38008406261611044 0.14052214031099802 0.3120983792090473 0.1518872168696763 0.321285393951009 0.20684377369340473
0 0.5779133679146382 0.2810549641106786 0.5745486478774342 0.1064259843228412 0.48744474056535536 0.10810428687381406 0.49080946060255937 0.28273326666165144
0 0.3193350845341955 0.8378056857647165 0.2959775500344707 0.5537993007503774 0.09489980388153221 0.5703365359701315 0.11825733838125707 0.8543429209844706
0 0.338887090544334 0.35363299438519263 0.18885115089380633 0.33140547110922214 0.16147333240839568 0.5162059399262245 0.3115092720589233 0.538433463202195
0 0.472784903074846 0.47159198306474026 0.41742096366210335 0.4089580397333477 0.34824856138099014 0.4701015105932762 0.40361250079373273 0.5327354539246688
0 0.45075309695332155 0.3046797950632318 0.3787087484064454 0.2722521909275322 0.3318482041924999 0.3763621759365422 0.4038925527393761 0.4087897800722418
0 0.3248119054660332 0.3289481970640346 0.30701461879905334 0.15953170397147426 0.17916267555738408 0.1729626140515174 0.19695996222436393 0.3423791071440777
