0 0.5319445763312076 0.6052846041011335 0.49223397360273047 0.4838168755111534 0.2507678856784401 0.5627577102601783 0.29047848840691726 0.6842254388501584
0 0.39164881656428124 0.5242361885466345 0.34511751839683324 0.4104930369630342 0.13907354652825696 0.49478376881931885 0.18560484469570496 0.6085269204029191
0 0.5652904612277739 0.4381896773508333 0.529820783814678 0.34360389574468514 0.3663975851886492 0.40488761131642137 0.4018672626017451 0.49947339292256954
0 0.7021718351486523 0.3658339146751879 0.683657317037963 0.28869010014911706 0.5366800846312325 0.3239646409268975 0.555194602741922 0.4011084554529683
0 0.905628455459048 0.4011098382075383 0.8724872450710788 0.30997154878865074 0.7093012570756645 0.3693119335490854 0.7424424674636337 0.46045022296797306
0 0.7296817216891736 0.49631706317499713 0.6783858844107977 0.37092726265480247 0.46682118133999334 0.4574764758886176 0.5181170186183692 0.5828662764088123
0 0.6740505192124455 0.4072012870793646 0.6594957201502971 0.36838850180633087 0.5590844039339584 0.4060427572485459 0.5736392029961069 0.44485554252157966
1 0.7264686723982433 0.2963321361853435 0.6851926284155277 0.2879479398783266 0.6751634440758117 0.33732238660620517 0.7164394880585273 0.3457065829132221
1 0.7152693074128513 0.35753065210719737 0.703632757253158 0.3568254056836793 0.701162125517925 0.3975907738648534 0.7127986756776183 0.39829602028837147
0 0.70601851875 0.32539682500000006 0.6646825390625 0.32539682500000006 0.6646825390625 0.3685515875000001 0.70601851875 0.3685515875000001
