0 0.47495741710432765 0.6558826974374959 0.4542547970263973 0.5477223504162312 0.18839613885378972 0.5986094910935231 0.20909875893171997 0.706769838114788
0 0.6490167168300399 0.5873485457195674 0.5237160136991057 0.5246130693675295 0.40208748515309517 0.7675400547637432 0.5273881882840292 0.830275531115781
0 0.5678124923246566 0.5092736483745653 0.3330222898110692 0.4291549270832949 0.30505787754175023 0.511105436453222 0.5398480800553377 0.5912241577444926
0 0.8319400592943846 0.4341009320744321 0.7276801883130964 0.3314737759705088 0.5640413225958926 0.4977160034168545 0.6683011935771809 0.6003431595207778
0 0.6085066155857566 0.4663962650073765 0.49537867669666663 0.44894266839677144 0.48684972295443296 0.5042242805060496 0.5999776618435229 0.5216778771166547
0 0.6976274621496457 0.4017787478883926 0.6830793044987327 0.33976460768156774 0.550826592899784 0.3707903268431226 0.5653747505506971 0.4328044670499474
0 0.8929452445203981 0.22044345241874225 0.806576964322628 0.1721441538824145 0.7276733402266384 0.31323875610352775 0.8140416204244085 0.3615380546398555
0 0.6434053889400059 0.23395875173403385 0.5345000967360651 0.1916815932862369 0.4835534366014376 0.3229193848617395 0.5924587288053784 0.36519654330953644
1 0.7260192815338448 0.2999128019360082 0.6920288592434545 0.17527470328839706 0.6541584205655728 0.18560246195088206 0.6881488428559631 0.31024056059849325
0 0.6700620783292488 0.24208668174521705 0.6694231310356622 0.21869677310064933 0.6346862291624891 0.21964568871108314 0.6353251764560758 0.2430355973556509
