0 0.20973185794728177 0.7135609909590268 0.19580011713472456 0.6378071480622123 0.09757822364114789 0.6558709440353755 0.11150996445370509 0.7316247869321899
0 0.3780873421809462 0.6515916517748644 0.3716602982868888 0.5958905439574054 0.31905630967199267 0.6019602283331343 0.32548335356605007 0.6576613361505934
0 0.2979189904049368 0.6577876095326204 0.2880893257937719 0.5532109047932694 0.10999375862339955 0.5699509588845053 0.11982342323456444 0.6745276636238564
0 0.4442703285371662 0.3800265047237811 0.43524846497040637 0.2886801431343183 0.3156022385358087 0.3004970552957668 0.32462410210256853 0.3918434168852297
0 0.6687605569766374 0.5489950169874052 0.6204552799566214 0.5410200883852705 0.602368358901338 0.6505751421798285 0.650673635921354 0.6585500707819631
0 0.5258226903153382 0.5488506591936771 0.40342417594108665 0.5481902362284568 0.40280529896387973 0.6628888863053396 0.5252038133381314 0.66354930927056
0 0.5597398728328828 0.29705640005417766 0.5016402528736481 0.2936162907875327 0.49629094008167574 0.38396023517037436 0.5543905600409105 0.3874003444370193
0 0.7251911398457875 0.3005192273626922 0.6066992156031791 0.2791928580619044 0.5901588355802149 0.3710932387119116 0.7086507598228233 0.39241960801269943
1 0.5104166671875 0.2622354500000001 0.484126984375 0.2622354500000001 0.484126984375 0.2969576718750001 0.5104166671875 0.2969576718750001
0 0.5055902394956113 0.2961628170968901 0.47897969983182287 0.29470755333181453 0.47588668320017913 0.3512655765110979 0.5024972228639676 0.35272084027617345
