0 0.4376543111903016 0.6634122798917235 0.3550410474487158 0.6256551328440093 0.2575506266901344 0.8389657898231746 0.34016389043172024 0.8767229368708888
0 0.31529865209813995 0.3801768793128218 0.308988548465695 0.2997229685533354 0.11492090765936167 0.3149439430669663 0.12123101129180669 0.3953978538264527
0 0.27648330405467864 0.5538954399066184 0.22821741268797302 0.5088472738513466 0.15500933126485505 0.5872845025899769 0.20327522263156067 0.6323326686452486
0 0.5177290776474388 0.5704820963829556 0.44763348555685106 0.5547105899368681 0.4383490468802216 0.5959747664752192 0.5084446389708093 0.6117462729213068
0 0.5463374698385298 0.5436482252269634 0.5420925737744974 0.4757298347166987 0.3813602731664106 0.4857755955936591 0.3856051692304429 0.5536939861039238
0 0.5931257203097319 0.5212277687363865 0.5331584498956159 0.5036273135104292 0.50135320054444 0.6119923508884106 0.561320470958556 0.6295928061143681
0 0.42523265688051365 0.3281901949536644 0.3929390435002189 0.24072830948751558 0.3430100682607483 0.2591636200718252 0.375303681641043 0.346625505537974
1 0.6334817625762287 0.30597791615755454 0.6324056328269785 0.26903081567044124 0.5857026880020642 0.2703910963864126 0.5867788177513142 0.3073381968735259
0 0.639880953125 0.3055555562500001 0.5730820109375 0.3055555562500001 0.5730820109375 0.3325892859375001 0.639880953125 0.3325892859375001
0 0.5957989704604885 0.27903512286173304 0.5091706809642271 0.2725379978237993 0.504032171581896 0.3410514211845726 0.5906604610781573 0.34754854622250636
0 0.6668498179473928 0.29102818541124276 0.6244912506222267 0.28573336136834315 0.622685185096154 0.30018187704326926 0.6650437524213202 0.30547670108616887
