0 0.3522214020827315 0.30575634974718574 0.29593201471021924 0.2112884211542024 0.06454546622289432 0.34916174233930397 0.12083485359540658 0.4436296709322873
1 0.1612773204786054 0.37863136184557256 0.15259620881064512 0.3238807508657764 0.06563488177086788 0.337669108243284 0.07431599343882817 0.39241971922308017
1 0.15639578017219496 0.4588917647732381 0.14346278850095145 0.40679785696433335 0.09170954676841565 0.41964627384144704 0.10464253843965916 0.4717401816503518
1 0.10804810285658258 0.41409718265234796 0.08095502641964976 0.3963415473922135 0.0721539526484972 0.4097709832257088 0.09924702908543001 0.4275266184858433
1 0.17797552695856145 0.4073931308152055 0.17476485276273074 0.39355164893012057 0.15741336687319676 0.3975765046838154 0.16062404106902745 0.41141798656890033
0 0.18971494400904368 0.40243384408147664 0.18406672422097153 0.370176396267548 0.0708637556533882 0.3899980278739966 0.07651197544146035 0.42225547568792515
0 0.30237076787754325 0.4926430371188622 0.23575870268203108 0.441963071016427 0.18881288263314738 0.5036670985888283 0.2554249478286595 0.5543470646912635
0 0.5028704003824102 0.4972369319815938 0.36668645754739215 0.45407166593450493 0.3456603865976512 0.520407715876624 0.4818443294326692 0.563572981923713
0 0.38387954619405573 0.6745893988629797 0.02649533064009436 0.622659437240335 0.010807153119352675 0.7306261455052742 0.36819136867331403 0.7825561071279188
0 0.664076986505821 0.8500433385759681 0.6619326215229399 0.7659132608082598 0.31513072998124336 0.7747527846973534 0.3172750949641245 0.8588828624650617
0 0.9220541368196397 0.6058620626675165 0.6394811119959495 0.5619636491018108 0.6268420857021406 0.643320755215044 0.9094151105258309 0.6872191687807496
0 0.639901324325123 0.43910822213935896 0.6373335189501859 0.36235301682487214 0.37478603284947204 0.37113640608457615 0.37735383822440915 0.447891611399063
0 0.46254980461613815 0.12068051550114327 0.24398735053308301 0.10257099210008827 0.23633489266105276 0.19492792139292053 0.45489734674410787 0.21303744479397552
