0 0.5208858221280425 0.7754177493137084 0.3796184885713585 0.6348793486416109 0.33254823054296406 0.6821937467683613 0.473815564099648 0.8227321474404589
0 0.6446274625279252 0.5039442417938717 0.5798444530214584 0.502900406616739 0.5772732746852295 0.6624741345842837 0.6420562841916964 0.6635179697614164
0 0.794906325808158 0.44695282187122115 0.775366538710063 0.3770605116717761 0.5848370495141645 0.4303268244345528 0.6043768366122595 0.5002191346339978
0 0.5714126051459567 0.40296934720325484 0.5100209800785522 0.39785338113352187 0.4994982708141359 0.5241259585996334 0.5608898958815405 0.5292419246693664
0 0.46371706149563446 0.47038253946976594 0.3792230718144949 0.3581262441893574 0.3410830682594014 0.3868337751013019 0.425577057940541 0.4990900703817104
0 0.35025722459591807 0.5225257225298027 0.2722846951575228 0.4615578410109694 0.247178101784511 0.4936669539095416 0.3251506312229063 0.5546348354283748
0 0.3913262615477856 0.5792095527205305 0.33967028996742615 0.5315271135643094 0.21123768071236193 0.6706624290194421 0.2628936522927213 0.7183448681756633
0 0.47570026317059916 0.5944642634414016 0.47100251492790035 0.5511405887656384 0.3924741074412933 0.5596557179884725 0.3971718556839921 0.6029793926642355
1 0.4674241026541036 0.6041766769717836 0.41576161394849664 0.6028250434295619 0.4152181355401553 0.6235980164696706 0.46688062424576227 0.6249496500118923
0 0.46973661844352355 0.6226505109955511 0.4247894376710756 0.6207777117147643 0.42385468571731505 0.6432117576235277 0.4688018664897631 0.6450845569043147
