0 0.3374935956241926 0.7646055846000233 0.3257639373283682 0.7235497496302309 0.24306298990863553 0.7471774228875921 0.2547926482044599 0.7882332578573845
0 0.41893147914084566 0.7094603643243718 0.40689554344294426 0.6525226584942991 0.25682992255340703 0.6842446981718826 0.2688658582513085 0.7411824040019552
0 0.5049698820356994 0.7012909595841206 0.5002952122164694 0.6680815499541557 0.44201243244496985 0.676285632911801 0.4466871022641999 0.7094950425417659
0 0.6668142195863787 0.6596638729890769 0.5270128755260308 0.6342774170292629 0.5157363020309644 0.6963766771032608 0.6555376460913124 0.7217631330630747
0 0.6999939700075964 0.4580689949845372 0.6559519553077372 0.4187185950255958 0.6018664540619931 0.4792525271685921 0.6459084687618524 0.5186029271275334
0 0.55328432866444 0.5191437947876576 0.5415034119496183 0.4613261306884054 0.40276939737549106 0.48959454825029375 0.4145503140903129 0.547412212349546
0 0.826364725109794 0.6158952716200119 0.7699637885137752 0.6005699023694562 0.7484614970524854 0.6797033547222172 0.8048624336485041 0.6950287239727729
0 0.8858248962563453 0.43151826118746756 0.7424350445437373 0.419787603161862 0.7372217195556046 0.48351274929997967 0.8806115712682125 0.49524340732558514
1 0.266998134375 0.7038075875 0.25675478128114837 0.680370449324009 0.22328062503114837 0.6950005461990091 0.23352397812500003 0.7184376843750001
0 0.28841874217219976 0.7297445985250353 0.2768777693468251 0.7010824393494852 0.22793573281250007 0.7207892140625001 0.23947670563787468 0.7494513732380501
