0 0.555895040139648 0.8739605806750765 0.35429237366790234 0.8546777344383856 0.34790548205699945 0.9214528548443137 0.5495081485287451 0.9407357010810047
0 0.3790584797702399 0.8032120185340513 0.2098859799768403 0.7658945446265351 0.19970653437676625 0.8120413514265689 0.3688790341701658 0.8493588253340851
0 0.3666258171887076 0.6999153834011305 0.321740054730003 0.6852254963837813 0.30148347343732906 0.7471206011626385 0.3463692358960337 0.7618104881799876
0 0.5070744400947022 0.728940885144508 0.4194626883319569 0.6303776692625782 0.38528781212754537 0.6607553384949838 0.4728995638902907 0.7593185543769136
0 0.6195958507098482 0.8124722219059161 0.5995096782887307 0.763512187009912 0.5148783482519035 0.7982327400274702 0.534964520673021 0.8471927749234742
0 0.740542093319117 0.6491573994956779 0.7191710644984729 0.5796845963147274 0.561497437427181 0.6281877151484299 0.582868466247825 0.6976605183293805
0 0.6418650739003631 0.4749503908229881 0.571442152411462 0.4485418017636407 0.527737009472858 0.5650888782814258 0.598159930961759 0.5914974673407734
0 0.6650676667775745 0.422886835918006 0.5656710763062975 0.38225847760795795 0.5491682915628174 0.42263226097044376 0.6485648820340943 0.4632606192804918
0 0.5861719647124467 0.43577860884048275 0.5624226505506706 0.41218351230090117 0.5264723865993092 0.44836874728594933 0.5502217007610851 0.4719638438255309
1 0.547851190625 0.425134671875 0.5263057310119661 0.40762897323025093 0.5050527544494661 0.43378646385525094 0.5265982140625 0.4512921625
