0 0.24541806799201787 0.35835169372723197 0.22640085389445258 0.29808857077327355 0.11417761584016317 0.3335028214823015 0.1331948299377285 0.3937659444362599
0 0.5223910222670817 0.45522754211401184 0.46189083183035706 0.3979609485969677 0.4042906520280153 0.45881356149412006 0.4647908424647399 0.5160801550111642
0 0.6596282306708238 0.47300956446454423 0.5560797349709852 0.19815134385832892 0.4716946809424634 0.22994208086059503 0.5752431766423023 0.5048003014668103
0 0.39919384407247205 0.31278380623528995 0.30875622180149825 0.27071526226913434 0.1727639196403793 0.5630672025811615 0.26320154191135303 0.605135746547317
0 0.46232452357751097 0.6436889067476401 0.4277407139886235 0.5650508408630553 0.2083697108109936 0.6615268276243926 0.24295352039988102 0.7401648935089774
0 0.775412685064073 0.5004256871968183 0.5119137908658491 0.4856097377293998 0.5049125705408162 0.6101251336371138 0.76841146473904 0.6249410831045324
0 0.6244404594543462 0.8395514466205818 0.41662625012048 0.7076387469027811 0.355387434247874 0.8041138863573829 0.5632016435817402 0.9360265860751836
0 0.837933666517164 0.7651041310363329 0.5912353249957448 0.6713319476006229 0.5513046691537795 0.7763825736088048 0.7980030106751989 0.8701547570445148
1 0.7502774331221482 0.8610945672692122 0.6782340195518832 0.8217534111997793 0.649919011795078 0.8736052126686673 0.721962425365343 0.9129463687381001
0 0.6979755305826634 0.8981285665746908 0.6923424798394863 0.8487259539154641 0.6384605424179324 0.8548697522147553 0.6440935931611094 0.904272364873982
