0 0.3742765192111303 0.2856281153684335 0.32776551064159937 0.18732074090846512 0.0826547754924235 0.3032870920152142 0.12916578406195442 0.40159446647518254
1 0.17617215290382948 0.3410863092421673 0.17233302391762279 0.2859424489354332 0.08421011426382052 0.2920775873700464 0.08804924325002722 0.34722144767678054
1 0.16352686708873482 0.4203814639690112 0.15527543144917877 0.3675722904313816 0.1017197634385153 0.3759403658644981 0.10997119907807136 0.4287495394021277
1 0.11934717875678276 0.37175230972634915 0.09435257969446727 0.3515546541112132 0.08419455847166728 0.3641252054944199 0.10918915753398277 0.3843228611095558
1 0.18990071254863466 0.37112817571339624 0.18792988742639632 0.35711340687237975 0.17007448639990871 0.3596243204172149 0.17204531152214703 0.3736390892582314
0 0.202249976089179 0.3672164417912397 0.1994619080255537 0.334688979292462 0.08465206523518584 0.34452982242880226 0.08744013329881113 0.37705728492758
0 0.30459684163756806 0.4669672204933649 0.2437970110757358 0.41046636374647594 0.1906124840490814 0.46769753541202463 0.2514123146109136 0.5241983921589136
0 0.503860178239972 0.4887386576660693 0.3723635853219605 0.433804227038112 0.34540665827870126 0.4983310460331922 0.47690325119671273 0.5532654766611496
0 0.36677551853306084 0.654786052792135 0.015804180339875473 0.5719119391811989 -0.009326753503038288 0.6783412823932382 0.341644584690147 0.7612153960041743
0 0.6318211945410028 0.7641474510896266 0.2868852746405427 0.7510070492850671 0.2836426145125688 0.8361269695738931 0.6285785344130288 0.8492673713784527
0 0.9096271044330265 0.6332120327394468 0.6322666213163453 0.5648217756447889 0.6125062534992766 0.6449610439724349 0.8898667366159578 0.7133513010670928
0 0.6515804073429103 0.36768868312744435 0.3891358777061535 0.35162064166243584 0.3844196627255969 0.428652109681326 0.6468641923623537 0.44472015114633445
0 0.5028917567823805 0.11075297881683381 0.28619972372378 0.0735498275595858 0.27049816977764957 0.16500449018318344 0.4871902028362502 0.20220764144043146
