0 0.8502253673430147 0.4945092432181438 0.8375832997861712 0.4529945218348573 0.7000181892010067 0.49488586455701855 0.7126602567578502 0.536400585940305
0 0.624823550612035 0.44745579171780203 0.5608380670254332 0.4399708610007962 0.5552713381991597 0.48755845391402247 0.6192568217857615 0.49504338463102837
0 0.5996800443154946 0.5375439400492217 0.45641271277840545 0.48368430699599674 0.43961579026858255 0.5283643415524799 0.5828831218056717 0.5822239746057049
0 0.9138616622985957 0.1775713077878942 0.8570657984098686 0.09140864342130257 0.630782186552677 0.2405680654722504 0.6875780504414042 0.32673072983884205
0 0.6976033147411943 0.8535878810761218 0.5075370306867295 0.6987315140195071 0.43186624355696124 0.7916076778776797 0.621932527611426 0.9464640449342945
0 0.39776470370191996 0.8480843526059056 0.39473322348959466 0.7290604938007961 0.3101219618637557 0.7312155017793108 0.313153442076081 0.8502393605844201
0 0.31758012598949675 0.6593373126799185 0.22260157284897003 0.5017605324243439 0.13607793578429733 0.5539121873035084 0.23105648892482405 0.711488967559083
0 0.5845970793033204 0.40739706844888773 0.5301623751406417 0.35649297494171656 0.43569646501249437 0.4575108600860511 0.490131169175173 0.5084149535932223
0 0.22684288430902436 0.4844709520634122 0.1650529560532877 0.4190704914866258 0.1352671586690887 0.4472119184303809 0.19705708692482532 0.5126123790071672
1 0.19435394195916036 0.467938902735308 0.1219123713571216 0.4644373556127884 0.1201052942770692 0.5018229732547818 0.19254686487910794 0.5053245203773015
