0 0.7853589946325613 0.3324168336115166 0.7444428876614108 0.2755643390726389 0.5714817878330148 0.4000425157969173 0.6123978948041653 0.456895010335795
0 0.3039257632268516 0.3394163495922978 0.1702888714459759 0.20582495248373872 0.0933583112112068 0.2827817114910693 0.22699520299208248 0.41637310859962834
0 0.2438699084153213 0.3803190362290204 0.17871006789246727 0.34050144360599266 0.1139792138900877 0.4464308041184581 0.17913905441294173 0.48624839674148596
0 0.7392220467762497 0.6058164389863411 0.7154662451575536 0.5602153962237765 0.6711346493225336 0.5833098811806314 0.6948904509412299 0.628910923943196
0 0.32575166190329996 0.5725766543333861 0.26394328117130544 0.5402911976649893 0.2439210542373939 0.5786224326276648 0.3057294349693885 0.6109078892960615
1 0.6824453375515533 0.6168711228453699 0.6529656797731767 0.6037990151158622 0.6175870138619581 0.6835834680364872 0.6470666716403348 0.6966555757659949
0 0.6726179283170386 0.6749083568055224 0.6686701046875 0.6390240906249999 0.6455133183400783 0.6415716948554063 0.6494611419696169 0.6774559610359289
0 0.4452471844997509 0.6367847293748714 0.39990030289216233 0.62830348042372 0.3855494350236916 0.7050335834953124 0.4308963166312802 0.713514832446464
0 0.3760361987155293 0.6293287143572355 0.24782408081961416 0.5666948489876383 0.22353804941644045 0.6164085861666156 0.35175016731235564 0.6790424515362128
0 0.6883330668846778 0.6706288697675825 0.5672638008903429 0.6166861311327898 0.5394537030504563 0.6791032092774663 0.6605229690447911 0.7330459479122592
