0 0.8196469663527338 0.9548754983394859 0.8096548295785608 0.7510358930382435 0.6862934600458 0.757083018547533 0.6962855968199732 0.9609226238487754
0 0.8187860780454116 0.7332102039452193 0.7743072346488471 0.5621298809514458 0.6531975160014151 0.5936169632485558 0.6976763593979796 0.7646972862423295
0 0.7740154798513293 0.5218883161538395 0.7532187939345626 0.4038530728380527 0.6547909265985503 0.4211951258125854 0.6755876125153171 0.5392303691283722
0 0.5977809516751138 0.3742473905749824 0.5164677127844908 0.35712883099491 0.48894872184061633 0.4878441680056823 0.5702619607312395 0.5049627275857547
0 0.6137557116283618 0.6863214397845918 0.5597708130383532 0.5015706062475846 0.4389230271900783 0.5368827904415434 0.4929079257800869 0.7216336239785506
0 0.6665453745179855 0.5216849033089737 0.6220614164694428 0.4839409385181318 0.5664267630315026 0.549510350827965 0.6109107210800453 0.5872543156188069
0 0.6486671589052431 0.6649124085872355 0.6185247791334305 0.6049466157063558 0.5643307205625595 0.6321877779813885 0.594473100334372 0.6921535708622681
1 0.6718626749445117 0.40274570011855537 0.6188541630914322 0.3876938999221219 0.6080083598933452 0.4258899880895813 0.6610168717464248 0.4409417882860149
0 0.6849722698886852 0.4393721116288062 0.6027137971933247 0.42264787422882677 0.5972162969343817 0.44968743149698376 0.6794747696297423 0.46641166889696334
0 0.6460235955659905 0.9096508718991231 0.5653810597035784 0.694604124994749 0.4577670825208925 0.7349593693273245 0.5384096183833048 0.9500061162316987
