0 0.735120708743468 0.567460665998842 0.5029538520502265 0.4723360861075127 0.454029556987636 0.5917437072879735 0.6861964136808776 0.6868682871793028
0 0.8520757016960336 0.5024676766353164 0.6479706656048154 0.42036490610571225 0.6030026434206305 0.5321540665889671 0.8071076795118488 0.6142568371185713
0 0.6363830097319144 0.40187277635840457 0.477869982346685 0.3307777626642185 0.4361347468352588 0.4238304000546337 0.5946477742204882 0.49492541374881976
0 0.4739957413680617 0.3151312493737318 0.3332778331377378 0.26377990294869363 0.3064943243818138 0.33717465478259145 0.44721223261213766 0.3885260012076297
0 0.2978509009335536 0.34265566371204814 0.13839831305902486 0.2793884763329274 0.1025467069369705 0.369745446706269 0.2619992948114992 0.4330126340853898
0 0.529786018402891 0.444313338665944 0.32078510769653296 0.3565072436837693 0.2687859682520137 0.4802784636891424 0.47778687895837174 0.5680845586713171
0 0.44493938523813553 0.3896663820970151 0.34685932427091876 0.3487118382550221 0.3308250281100071 0.3871116004669042 0.42890508907722386 0.4280661443088972
1 0.33656352726370353 0.31434152797507575 0.32924779536991355 0.26489236068132727 0.2869825803067317 0.27114526641781483 0.29429831220052166 0.3205944337115633
1 0.3055649171866515 0.3326800222452542 0.2939190370504624 0.33230628548878416 0.2926091700119336 0.3731225933872401 0.3042550501481227 0.37349633014371014
0 0.3467309054137064 0.3027086373829961 0.30550551554726657 0.3022862179605863 0.30506243599306626 0.34552790239723585 0.34628782585950607 0.3459503218196457
