0 0.796726048372949 0.41393040667832703 0.5416836342638626 0.30041428123920566 0.49572385641655503 0.4036744361180908 0.7507662705256415 0.5171905615572122
0 0.5815086504061802 0.5120554689618703 0.5398592702274569 0.4625702119325624 0.49372776403160346 0.5013969000233265 0.5353771442103267 0.5508821570526343
0 0.46544472835134576 0.46616929441023525 0.35151121596752816 0.4133208929115348 0.3231867584623253 0.4743843279146409 0.4371202708461429 0.5272327294133413
0 0.60469445601021 0.6455428630385665 0.5908285503693692 0.5612488762841303 0.4188539493395898 0.5895377695055045 0.43271985498043064 0.6738317562599405
0 0.4679034041237853 0.6741357501535812 0.3046839885777778 0.6360583127111119 0.28972723025949054 0.7001706457656182 0.4529466458054981 0.7382480832080874
0 0.41445525968415736 0.5067764191717588 0.18025177555385655 0.46420750480518036 0.1662384347714976 0.541305389126854 0.4004419189017985 0.5838743034934325
0 0.5980322950621714 0.2482775487040889 0.2762960284896253 0.13190174350092881 0.23892976128187246 0.23520571880908933 0.5606660278544187 0.3515815240122494
0 0.21027304346684286 0.31216197173224947 0.0364270357947906 0.23037208877461746 -0.008134127668888168 0.32508771967233113 0.1657118800031641 0.40687760262996314
0 0.6515454403499853 0.6029281439626608 0.5739007596201685 0.5992504869765197 0.5726861761355782 0.6248934295446021 0.6503308568653949 0.6285710865307432
1 0.6456453334344572 0.6215496426847401 0.5906176229121676 0.6186527982123693 0.5888158469388494 0.6528788699367601 0.6438435574611391 0.655775714409131
