0 0.35945010824004064 0.2723772785223183 0.30602464824913306 0.20634971245855915 0.175157122625553 0.31223969403928564 0.22858258261646056 0.37826726010304473
0 0.580471257356089 0.3951418839839233 0.5466230205041761 0.3467696931494412 0.4439355467613291 0.4186248205069303 0.47778378361324203 0.46699701134141236
0 0.3728283372624456 0.44241263790984087 0.29935571921619103 0.4152192853979533 0.2849140972672199 0.45423851897576667 0.35838671531347444 0.4814318714876544
0 0.4800216234544788 0.30737857269143665 0.4672487190089088 0.2578505175626917 0.3805054735414672 0.28022093333561415 0.39327837798703713 0.3297489884643591
0 0.2996186090602943 0.3991720107179738 0.25841541324731904 0.3530121610371863 0.1667754713295333 0.43481178770927614 0.20797866714250857 0.48097163739006366
0 0.7971808725591238 0.40850570409354425 0.703989228058005 0.3345665069996931 0.669242306178485 0.3783609072444539 0.7624339506796038 0.4523001043383051
0 0.7103902432013971 0.5246035304763164 0.6392824793732753 0.4471807887595346 0.595443940258486 0.4874436419835588 0.6665517040866079 0.5648663837003405
0 0.45386152563979276 0.3645916678542541 0.3948429471680604 0.3561146409232313 0.37893288658382995 0.46688332984222836 0.4379514650555624 0.47536035677325117
1 0.76270508190816 0.5254852083485575 0.751869472569404 0.4917848014953936 0.7129997655383817 0.5042824832692416 0.7238353748771378 0.5379828901224056
0 0.7520838838841686 0.49313482853076174 0.7447292991180612 0.4750621276549044 0.7003159810211341 0.4931358796044143 0.7076705657872413 0.5112085804802716
