0 0.3880843412877617 0.6242268567574977 0.3073241832734179 0.6142696622427113 0.30178786780414096 0.6591732454208945 0.3825480258184848 0.6691304399356808
0 0.6322404615951803 0.6093973197522453 0.6285303920066476 0.5414051309512657 0.5843290704493208 0.5438170253434702 0.5880391400378535 0.6118092141444498
0 0.706331962418664 0.675176240655315 0.7015964254641818 0.6119672786865022 0.5206913768137025 0.6255204603312102 0.5254269137681848 0.6887294223000231
0 0.5379593835257134 0.7440104038897812 0.5356451613820737 0.6777396790945959 0.33575744715826195 0.6847199041627222 0.3380716693019016 0.7509906289579076
0 0.4950662955213957 0.5366308377590915 0.4897792182702213 0.4878428480735966 0.3311006344599171 0.5050385951441395 0.3363877117110915 0.5538265848296344
0 0.571511356280393 0.57044412373839 0.5491757548870358 0.5087847352198808 0.40006211393719726 0.5627999132258706 0.4223977153305542 0.6244593017443798
0 0.31194190429700425 0.39797707253843884 0.2641665584507914 0.38166233036721614 0.2310287267905161 0.4787016431279024 0.27880407263672896 0.49501638529912506
0 0.4645995651736315 0.34375080054840856 0.41565492747128535 0.3317575575446713 0.3931483014348685 0.42360749812465864 0.44209293913721465 0.43560074112839586
1 0.3783122749017646 0.34291102298094256 0.34274728164760915 0.32493744296376664 0.3301116281088981 0.34994008197261517 0.36567662136305357 0.3679136619897911
0 0.3779265503064882 0.34886295659354594 0.31909472551829854 0.34872708721530665 0.3190401363079061 0.37236436960190755 0.3778719610960958 0.3725002389801469
