0 0.89828773208977 0.39267211896853693 0.7960223846319211 0.32485216742164047 0.761789668933463 0.37647149898232163 0.8640550163913119 0.44429145052921815
0 0.6037566459766708 0.4729108499960792 0.5519661355933463 0.40743284745802405 0.4865079593011877 0.459207676064963 0.5382984696845121 0.5246856786030182
0 0.5589574145975444 0.24473761188065887 0.47848956897331607 0.2018214174087875 0.34087763810656596 0.4598437268261669 0.4213454837307943 0.5027599212980384
0 0.825389566685425 0.5949053092520975 0.7139936208715846 0.29226219750581295 0.6203721855827674 0.32672208748074183 0.7317681313966078 0.6293651992270263
0 0.78385264882584 0.6899888828817339 0.5727903852725784 0.5763399671480023 0.532042210078433 0.652015146595302 0.7431044736316946 0.7656640623290337
0 0.4941645387334434 0.6024306029139628 0.49023920845569535 0.48333252282952266 0.22540083882930245 0.49206127874453714 0.22932616910705056 0.6111593588289772
0 0.6264330824774529 0.8193217754075498 0.5723794486811423 0.719097328745111 0.3555267893966015 0.8360515711786152 0.409580423192912 0.936276017841054
0 0.4325343509221157 0.773710064918632 0.3984508141536633 0.6664100439309888 0.14732725865446503 0.7461787043515407 0.18141079542291744 0.853478725339184
1 0.32614220376309916 0.8695706895232238 0.30458742910056724 0.814144130262276 0.22911347266218546 0.84349511552297 0.2506682473247174 0.8989216747839178
0 0.34502084633949287 0.8567505837970835 0.2915688404064749 0.8376295436953072 0.2739857458016674 0.8867822922976007 0.32743775173468537 0.905903332399377
