0 0.6735623846559143 0.5605016929574236 0.6122786514648395 0.49404698896384786 0.5086669679916933 0.589596444214754 0.5699507011827681 0.6560511482083298
0 0.5492491086728272 0.5416471817816094 0.5409401329436462 0.46643028411087 0.3433711835509949 0.48825510880025547 0.3516801592801759 0.5634720064709949
0 0.4872011384327474 0.45939593866703454 0.43017735275305535 0.4504749921476822 0.4257120239611371 0.47901792214589844 0.48273580964082924 0.48793886866525077
0 0.4231623629654959 0.5920907763040362 0.2950681241496225 0.5089121885171694 0.264309409455906 0.5562803183505584 0.39240364827177937 0.6394589061374252
0 0.5700501576417066 0.6954927936510169 0.4726271147546174 0.5647625931229674 0.4129291896765304 0.6092508100128731 0.5103522325636195 0.7399810105409225
0 0.33886535352869 0.6649591173846319 0.2829322258846338 0.591680557227492 0.18993927537159777 0.6626615721367519 0.245872403015654 0.7359401322938919
0 0.4374102561614649 0.8539949869171061 0.39244907122659445 0.6579792938638398 0.30543807726539296 0.6779374784862994 0.3503992622002633 0.8739531715395656
1 0.35153372559691076 0.8311279291988803 0.3171505466672567 0.7084015387930862 0.2757596400964621 0.7199976669117295 0.31014281902611623 0.8427240573175236
0 0.3140306305745852 0.7875976047196461 0.28757239309265514 0.7174705193257505 0.25983996940576437 0.7279336812800206 0.2862982068876944 0.7980607666739162
0 0.5300800165887466 0.5960860259763356 0.5015261097802247 0.55351685710686 0.46102913567050274 0.5806808082824558 0.4895830424790247 0.6232499771519313
