0 0.741765512982298 0.2356178231787009 0.5635037134982486 0.09934129814921996 0.5007611476649847 0.1814141473597825 0.6790229471490342 0.31769067238926346
0 0.6878649241736448 0.4543445239555419 0.5824798421743658 0.3488345410618603 0.5251898912084738 0.40605667317384214 0.6305749732077528 0.5115666560675238
0 0.5710809415680893 0.31545403487540546 0.4189605471132435 0.18074833618516808 0.352840530883693 0.25541632015316174 0.504960925338539 0.39012201884339914
0 0.9876170423739644 0.541518724254513 0.8827968251283307 0.428496110404721 0.831479123423543 0.47608952961542333 0.9362993406691767 0.5891121434652152
0 0.7836256482114212 0.5770953894603468 0.7087951094988997 0.46855533817375317 0.6450551430942608 0.5124994488226698 0.7198856818067825 0.6210395001092633
0 0.7263374579816383 0.36128956683021946 0.6488780002357409 0.338034162474827 0.6348502547358172 0.38475799248080056 0.7123097124817146 0.40801339683619303
0 0.8796648192434523 0.35920706557373966 0.7021549932081184 0.255481865051696 0.6465995831289495 0.35055645761784016 0.8241094091642834 0.45428165813988386
1 0.8298375632453956 0.5694886356518082 0.8183601993448792 0.5364851935270716 0.7758315482738386 0.5512750691617274 0.7873089121743548 0.5842785112864639
0 0.8127621954522963 0.5333059824146769 0.7681472920455288 0.5265080651709806 0.7646457056424794 0.5494890656071606 0.8092606090492469 0.556286982850857
0 0.795471842594945 0.46088955312523644 0.7147650125988225 0.4110840611872003 0.6901637976864328 0.45094886308700877 0.7708706276825551 0.5007543550250448
