0 0.2738072554845349 0.5916893431704432 0.0894248067204434 0.5065654083954192 0.050126502832701106 0.5916873840447796 0.23450895159679264 0.6768113188198037
0 0.6182804959756818 0.29927537165291795 0.4724665849865223 0.2820901682724967 0.4649069544780028 0.3462325159467773 0.6107208654671623 0.3634177193271985
0 0.46613847912140854 0.41709141598334387 0.44152082447886587 0.3340067443258577 0.26455943968515816 0.38643969217304425 0.28917709432770083 0.4695243638305304
0 0.6494121631608366 0.44908563601938534 0.45274460133093636 0.4252952058037076 0.4442954330254992 0.4951416657061339 0.6409629948553994 0.5189320959218116
0 0.8311250271595716 0.6757509530852193 0.5831082872398827 0.5837534204406527 0.5484440954336623 0.6772048380666597 0.7964608353533512 0.7692023707112262
0 0.4122615689034793 0.7338638730800949 0.1925377636955024 0.6338849438967047 0.1549258380119754 0.7165447153093911 0.37464964321995237 0.8165236444927814
0 0.4904121928692485 0.5337379700298062 0.40959935514740337 0.46721520340940453 0.3725620378976819 0.5122086824935456 0.453374875619527 0.5787314491139472
0 0.3643351334794016 0.5079136529401191 0.3377114116879921 0.46434757451864017 0.2821235340368879 0.4983179533817572 0.3087472558282974 0.5418840318032362
0 0.2862016426975721 0.42154406763362984 0.28193821620180587 0.3980306282724315 0.22606114667613597 0.4081621864448456 0.2303245731719022 0.43167562580604385
1 0.2839771370079144 0.40447977490035064 0.28188259679030353 0.3690122139318939 0.23325068249398417 0.37188417629896037 0.23534522271159503 0.40735173726741714
