0 0.2903439156250001 0.6113591265625 0.1233465609375001 0.6113591265625 0.1233465609375001 0.6731150796875001 0.2903439156250001 0.6731150796875001
0 0.3833032110464048 0.6748806571276202 0.37945118857933824 0.6363604365015786 0.3125032737716516 0.6430552286853005 0.31635529623871805 0.6815754493113422
0 0.1781282544156574 0.7050034348375662 0.17522876386698932 0.6636373555502442 0.08629269157896725 0.6698711902640362 0.08919218212763533 0.7112372695513582
0 0.5371482439420479 0.6554235626218151 0.40998234593153005 0.6187410927435775 0.392154670829441 0.6805437009464091 0.5193205688399589 0.7172261708246468
0 0.6465513406386917 0.5004204855744241 0.6382045558037186 0.43844560758317075 0.5295716307683367 0.45307630441797625 0.5379184156033097 0.5150511824092298
0 0.733742703973765 0.6569933537142026 0.6737511670322057 0.6119088065515853 0.6150841777440951 0.6899737551121871 0.6750757146856543 0.7350583022748045
0 0.4813629768551423 0.5005492116531175 0.4770769603131214 0.4376875816996118 0.32999024196665844 0.44771621297135544 0.33427625850867937 0.5105778429248612
0 0.8398440943898542 0.45891833048459374 0.701049549151912 0.4296914011535164 0.6867381576468098 0.49765417114457067 0.8255327028847521 0.526881100475648
1 0.5685869703125 0.4457765375 0.5685342131487023 0.4209363538578736 0.5345520709612023 0.4210085272953735 0.534604828125 0.44584871093749995
0 0.5688764224781285 0.4498684276592842 0.5624000970466163 0.4337834362868989 0.5251161283988228 0.4487951393553849 0.5315924538303349 0.4648801307277702
