0 0.8951812401952164 0.355444189441825 0.8206265171206011 0.2637290936569077 0.664892253140004 0.390324664701515 0.7394469762146193 0.48203976048643227
0 0.7417449220805403 0.4897476260720728 0.6926548569073752 0.3900507234778761 0.5473066269922067 0.461619186425843 0.5963966921653718 0.5613160890200397
0 0.568930215732728 0.5142409698327428 0.48892081035372376 0.5122662828644736 0.4863909985609932 0.6147679656676861 0.5664004039399975 0.6167426526359552
0 0.6674355058378266 0.31094608059902307 0.5970208561444805 0.20501740107979124 0.39871540263569205 0.3368382554931261 0.46913005232903815 0.442766935012358
0 0.5148742574431826 0.4468934438457909 0.4548335865560099 0.35164452668218277 0.30702763286067697 0.44481481024291625 0.3670683037478497 0.5400637274065244
0 0.5827656272587033 0.4389683749758337 0.5605474490125468 0.3904820815364987 0.4970078506554877 0.41959823007758407 0.5192260289016442 0.46808452351691904
0 0.4989689423712873 0.4746606703691373 0.44680189438854623 0.47224014914211077 0.4436902985216588 0.5393012304821084 0.49585734650439994 0.541721751709135
0 0.3845329533901651 0.5297192082746401 0.3276269373660924 0.5101357329121847 0.30006613549414257 0.590222408230718 0.35697215151821526 0.6098058835931736
1 0.43918444221454395 0.5908517910036885 0.39405029884291637 0.5776962625227363 0.3839008285674211 0.6125171856976238 0.4290349719390486 0.625672714178576
0 0.46774160638258844 0.5734686931077544 0.3968405863280765 0.551258048685136 0.3887120984784771 0.5772058811330051 0.459613118532989 0.5994165255556236
