0 1.0240047163476347 0.5029468835015445 0.904077378379338 0.36857046954698724 0.6180776463431101 0.6238175438910766 0.7380049843114068 0.7581939578456337
0 0.6459146518438127 0.7774386298982385 0.6229517582832531 0.6320068260149798 0.3026765629236682 0.6825765433997214 0.32563945648422765 0.8280083472829801
0 0.356089609456913 0.6747916658699832 0.3231595753027941 0.5572859317446138 0.018039608999095423 0.6427933411172015 0.050969643153214325 0.7602990752425709
0 0.4448634425017969 0.5350531672581438 0.2590034436044022 0.45895664122241087 0.2176969200103615 0.5598446952452526 0.40355691890775625 0.6359412212809855
0 0.7049894782294303 0.5720048048044022 0.5141468346514907 0.5128850747441247 0.4812835320590324 0.618970125150342 0.6721261756369719 0.6780898552106197
0 0.4748677250000001 0.6383928578125 0.4664666772777852 0.6379427993048523 0.4661212669513225 0.6443904246403358 0.47452231467353745 0.6448404831479835
0 0.5172685279015926 0.6514756617127844 0.4319902524805979 0.5855489969477933 0.39946726852992376 0.6276185297043023 0.48474554395091846 0.6935451944692933
0 0.23876951675648478 0.5865302731905152 0.23540335327622378 0.5812260158773606 0.2282312721195499 0.5857775291697475 0.23159743559981089 0.5910817864829021
0 0.28065124309763567 0.5468084741342554 0.18978613556975063 0.5422366497156709 0.18598805063122115 0.6177236686258107 0.27685315815910616 0.6222954930443952
0 0.2669795486290151 0.696504884388208 0.25965354200390994 0.691620877773669 0.2548585666776739 0.6988133375264157 0.26218457330277906 0.7036973441409546
1 0.3545452754293009 0.8297281037522716 0.30262672576198685 0.6562729420860347 0.20893291154869167 0.6843173479141718 0.2608514612160058 0.8577725095804085
