0 0.2688729059954044 0.5478827561695363 0.2107204528333781 0.518536232932849 0.15946851795548675 0.6200959890379213 0.21762097111751308 0.6494425122746087
0 0.35968711090401745 0.6598244479319197 0.3103077261969095 0.6129140338211866 0.27260105821044567 0.6526052644321901 0.32198044291755357 0.6995156785429233
0 0.355210864308032 0.4730732250063999 0.301850652412383 0.4513014806828507 0.2655389707182978 0.5402975207193835 0.3188991826139468 0.5620692650429328
0 0.7610120183579303 0.7438190087280974 0.7510971451323568 0.6700662674836988 0.5779446741505738 0.6933438402154046 0.5878595473761472 0.7670965814598032
0 0.7810079627854016 0.5593519055733471 0.6191972973749746 0.5560830013696338 0.6178080366588435 0.6248513674326034 0.7796187020692706 0.6281202716363168
0 0.497906700590318 0.5580470558081106 0.4514990580303674 0.4979381096997833 0.34084419574099745 0.5833701731299257 0.38725183830094806 0.6434791192382531
0 0.5366342388223517 0.5670675145533821 0.4786863445269779 0.5538872094874121 0.4548132817361118 0.6588463672753209 0.5127611760314856 0.672026672341291
0 0.4579334061126167 0.5322848462760807 0.45311047818592665 0.49597102717306474 0.3717445705095934 0.5067774341582246 0.3765674984362834 0.5430912532612406
1 0.7928676792340877 0.601974910522981 0.7655666229685527 0.5908062944639807 0.73067407609131 0.6760991705473852 0.7579751323568451 0.6872677866063854
0 0.7713746495164127 0.6434868038241192 0.7519560674789576 0.6031049728002498 0.7202194659288544 0.6183662867418198 0.7396380479663096 0.6587481177656891
