0 0.3208387362670533 0.27851453315075925 0.20599449822706428 0.08163877033922491 0.09251891493379025 0.14783288541643064 0.20736315297377925 0.344708648227965
0 0.48088500067792017 0.18807095286912495 0.3886714520858519 0.16299851123551493 0.364922327918491 0.25034505081187114 0.4571358765105592 0.2754174924454812
0 0.5837486892412947 0.6439517084658426 0.43515403814403547 0.5529207681323317 0.38197803719367995 0.6397227859849014 0.5305726882909392 0.7307537263184123
0 0.5100256672897909 0.5342495295121126 0.4620302163886253 0.5235838849552366 0.4508024040045425 0.5741090937350783 0.49879785490570827 0.5847747382919544
0 0.6334178005781561 0.6646188587108666 0.5612498372929124 0.4572717611309545 0.4967908311878141 0.4797069687624632 0.5689587944730577 0.6870540663423753
1 0.8420860038048689 0.43417286607003147 0.8146580865242612 0.4013315449006412 0.7444996593826483 0.4599253976342895 0.771927576663256 0.49276671880367984
0 0.7827822644699034 0.48784528339445005 0.7725510879758211 0.41343671775164126 0.7088253465834603 0.42219900609531535 0.7190565230775425 0.49660757173812414
0 0.7946026694271776 0.3485087827065852 0.7474528330142957 0.1780564477014194 0.6636031875252191 0.2012505979485737 0.710753023938101 0.37170293295373946
0 0.9139782000081048 0.7164636748267421 0.9012767365067512 0.522237124930121 0.8210848022058477 0.5274812840173724 0.833786265707201 0.7217078339139935
0 0.907479673257181 0.45398935001139823 0.8869307894453623 0.3568958915987457 0.7859089974667468 0.3782761689085481 0.8064578812785654 0.47536962732120064
