0 0.647590662870873 0.17768721811649377 0.4866991108834166 0.16830871272651557 0.46970793619929 0.45979827863755734 0.6305994881867464 0.46917678402753554
0 0.6235542939022283 0.47902351513129265 0.4804794719130692 0.44851541988107846 0.43097109900685704 0.6806964715801178 0.574045920996016 0.7112045668303322
0 0.38793903063420465 0.770273205644666 0.3142469159172155 0.7481083403346819 0.3044996099244911 0.7805154667192434 0.3781917246414803 0.8026803320292275
1 0.3776252706624708 0.7960707208086648 0.3108036308516305 0.7800848467276457 0.29787377389030567 0.8341322038065556 0.364695413701146 0.8501180778875748
0 0.5708824563653222 0.7237308318342873 0.48394019826351925 0.7169772518674054 0.47046199916011516 0.8904889406224095 0.5574042572619181 0.8972425205892914
0 0.3644534279609031 0.3937027877711765 0.32174763285132163 0.10793103819032883 0.1262912351324656 0.13714008662174787 0.168997030242047 0.42291183620259554
0 0.33330814855527413 0.6359274076761847 0.32024299087240876 0.4489346199251851 0.16958806050738173 0.4594608570308708 0.1826532181902471 0.6464536447818704
0 0.4769905286498181 0.526435643116457 0.41148695109155237 0.46061696229539334 0.3525781821007408 0.5192437088408315 0.41808175965900657 0.5850623896618952
0 0.44511357636066673 0.6909359534537021 0.40442113485168607 0.5839110066657562 0.33085456844916045 0.6118820852805646 0.37154700995814116 0.7189070320685105
0 0.3210428913357558 0.6579599260264781 0.19395032174602989 0.637035897773086 0.16634788763715208 0.8046931115440369 0.29344045722687795 0.825617139797429
