0 0.5901296993112708 0.8345578700609666 0.5848819595482138 0.8001948925298148 0.4533409028333029 0.8202831760079153 0.45858864259636 0.8546461535390673
0 0.8018949597864816 0.533682519248351 0.7610409404701451 0.5256893413735714 0.7476115070184488 0.5943286663376969 0.7884655263347853 0.6023218442124766
0 0.6010830537486734 0.4144269042957041 0.5894644176590456 0.3659140018667436 0.46903597662762964 0.3947561069795878 0.48065461271725757 0.44326900940854824
0 0.6532406792839064 0.4239645326715015 0.5991525729956801 0.4188937612264609 0.5963002640255133 0.4493183213584576 0.6503883703137394 0.45438909280349826
0 0.4303537035444712 0.5751697359620771 0.42428153772041144 0.5320769468400502 0.31949913109755096 0.5468417407051297 0.3255712969216107 0.5899345298271566
0 0.5377944348109868 0.5604158833800825 0.5212894055668325 0.5403003832536426 0.47817499273370645 0.5756763192324829 0.49468002197786076 0.5957918193589227
0 0.6636160462987083 0.5599163719714519 0.5527643771745476 0.5289431116621144 0.5400369088881846 0.5744940510587924 0.6508885780123452 0.6054673113681298
0 0.7049556602422767 0.4268458528938918 0.7019457435500511 0.35347905530059875 0.6629545929846624 0.355078690541412 0.665964509676888 0.4284454881347052
1 0.4495394832732945 0.5519203598399561 0.4429050410000981 0.5316335467643076 0.41257436217214705 0.5415526571263213 0.4192088044453435 0.5618394702019698
0 0.46798625936765764 0.5639824139224645 0.45566585376523916 0.5413974699474977 0.41633228086912355 0.5628544889425227 0.42865268647154203 0.5854394329174895
