0 0.6004186364151198 0.9375530025856996 0.4800728780908755 0.6853578487495572 0.39341503152338664 0.7267103652482936 0.513760789847631 0.978905519084436
0 0.8146693633382934 0.7112671640928764 0.785355996580338 0.6424934951104204 0.7073198359936959 0.6757548090624578 0.7366332027516513 0.7445284780449137
0 0.2800911416048595 0.707086933453884 0.1963618850233333 0.6333518849912387 0.04062447800477664 0.8101982773578806 0.12435373458630283 0.8839333258205258
0 0.2026450112678165 0.5490224023036337 0.09202402972491228 0.5413640258542263 0.08371721326816747 0.6613513620752022 0.19433819481107173 0.6690097385246097
0 0.25558798779600994 0.5538001307407974 0.21758266527158315 0.5109726260339997 0.16243728854440503 0.5599088842305875 0.20044261106883182 0.602736388937385
0 0.48251648636771155 0.37215465284009996 0.44374298855195465 0.3006660179121332 0.2954062660156952 0.38111983540426386 0.33417976383145215 0.4526084703322306
0 0.9766045520960379 0.37815082869165956 0.9471348478271748 0.290283153484069 0.7524145817891975 0.3555898620288948 0.7818842860580606 0.44345753723648534
0 0.5579305961431249 0.355428178878617 0.5304657236730995 0.26173752889049334 0.45507449397103183 0.28383803208252106 0.48253936644105727 0.3775286820706447
0 0.6715444743006579 0.6709140875979185 0.6396048100505354 0.661848704427598 0.6144124880432764 0.7506077002113785 0.6463521522933989 0.7596730833816988
1 0.639190960746425 0.739440246976316 0.625578703585737 0.671378968319311 0.5796321731575649 0.6805682753698227 0.5932444303182529 0.7486295540268276
