0 0.3389830439892414 0.1394704447976387 0.26212403213138863 0.0718283179967488 0.17033571456074986 0.1761236694622688 0.2471947264186026 0.2437657962631587
0 0.3137136792748062 0.2721233036148571 0.16748702325030013 0.23746581579143738 0.15449516123549295 0.2922809988086352 0.3007218172599989 0.32693848663205494
0 0.6165364663728856 0.3746186895784828 0.5395466541365307 0.3461833964875053 0.49395568395896133 0.46962296232613054 0.5709454961953163 0.4980582554171081
0 0.6318095988432495 0.758395227163243 0.5807954986920227 0.5713653212382954 0.5083547096913732 0.5911242022944404 0.5593688098425998 0.7781541082193881
0 0.5862573011339774 0.5254521724468236 0.5224281346476105 0.5190473003118208 0.5184636648886275 0.5585560984490041 0.5822928313749944 0.564960970584007
0 0.7376322674927717 0.7345870643329893 0.7001851685475229 0.6448901683453705 0.6620403912484459 0.6608150365811696 0.6994874901936947 0.7505119325687885
1 0.6503989503977914 0.7610182676129655 0.632711399209875 0.7116677194574479 0.6090776275455339 0.7201382139443429 0.6267651787334504 0.7694887620998606
0 0.6744483003792454 0.7550234981990807 0.6408667386438116 0.6926934202208779 0.6196261092329367 0.7041372292292705 0.6532076709683704 0.7664673072074732
0 0.30849417841744775 0.48630087067596584 0.263263555126238 0.3446971720754578 0.177201549344721 0.37218683655217183 0.2224321726359307 0.5137905351526799
0 0.6064646658443513 0.2746796703106015 0.5266737975660218 0.23840823247567897 0.5102463535445436 0.2745457583171659 0.590037221822873 0.31081719615208836
