0 0.8146679941300775 0.7789246275689026 0.799200118005999 0.6631445523023883 0.49462076637808056 0.7038354541703311 0.5100886425021589 0.8196155294368452
0 0.5182111898906323 0.7382061775959887 0.5043596471927649 0.6336492705637736 0.1821348855018686 0.6763371251642967 0.19598642819973597 0.7808940321965117
0 0.3244645362399582 0.6510821476225661 0.30207689925450915 0.5527698435407307 0.22940677327320227 0.5693182543968336 0.25179441025865124 0.6676305584786691
0 0.7022891008996869 0.6576663958934927 0.6865051802554734 0.5990764360790408 0.6116000643733759 0.6192556000291928 0.6273839850175895 0.6778455598436448
0 0.5770536406834607 0.5383675325991902 0.3588760989725408 0.4765419464159291 0.3314686447431 0.5732606571873753 0.5496461864540199 0.6350862433706365
0 0.7355402669711542 0.4810242973516871 0.680494519484135 0.40842634250654475 0.568520321744936 0.4933282302657963 0.623566069231955 0.5659261851109386
0 0.5596241522582674 0.3836689120986338 0.478086384666104 0.2837337727047111 0.41006987591373756 0.33922891001792405 0.491607643505901 0.43916404941184667
1 0.3992677038738221 0.2530719803249938 0.37390763959275775 0.2513015149748656 0.36694001929858605 0.3511053877439389 0.3923000835796504 0.3528758530940671
0 0.523158995694772 0.27775509606491566 0.3980549111762176 0.25984995284293994 0.3911793023893382 0.30789015738788655 0.5162833869078925 0.3257953006098623
0 0.4345115026267902 0.2811613113895845 0.410201653134489 0.26262163123569887 0.3739186489451987 0.31019712140861433 0.3982284984375 0.32873680156249996
