0 0.6090016590523205 0.44939765866278447 0.4612592812175131 0.2009935020618921 0.3846087628438842 0.2465826339095749 0.5323511406786915 0.49498679051046734
0 0.7365829664905554 0.5794325136238999 0.7285698340516901 0.4537831285775754 0.4705751047895522 0.47023641987975334 0.4785882372284176 0.5958858049260779
0 0.46892160710470493 0.4977511202137433 0.4451689903878079 0.42365320768313497 0.35997119881318207 0.4509639701497865 0.3837238155300791 0.5250618826803948
0 0.18381428892487012 0.4107377378661742 0.15551457993778756 0.3538654324751432 0.05033819282037231 0.4062012948473585 0.07863790180745486 0.46307360023838945
0 0.3278494971294553 0.3403135482715641 0.23246837160681175 0.31460397557831427 0.1493080931417851 0.6231241152713886 0.24468921866442864 0.6488336879646385
0 0.446281660520074 0.6522760645819471 0.39924402901349454 0.580591515568834 0.20164243866613057 0.7102528012968523 0.24868007017271004 0.7819373503099654
0 0.8236500090736382 0.6970664083624971 0.5726021062689859 0.6557032998746478 0.5545800380156077 0.7650858536675275 0.80562794082026 0.8064489621553766
0 0.6276893427086601 0.8281919560132497 0.4091426860406422 0.7295253469230942 0.3681007862709526 0.8204332038027575 0.5866474429389705 0.9190998128929129
1 0.7603894388707293 0.8155948696842665 0.6878201939029 0.7779119385412856 0.6625314845402542 0.8266125700737643 0.7351007295080836 0.8642955012167451
0 0.7115166467627458 0.8454443777548104 0.6883651671503166 0.7957420276659132 0.6418228192885532 0.8174215702973774 0.6649742989009825 0.8671239203862745
