0 0.4146252625491959 0.34348728681348645 0.4130306365983527 0.2981096420222376 0.2522344707989573 0.30376021599890307 0.2538290967498005 0.3491378607901519
0 0.3531370215044639 0.7335581497417992 0.20862803386322248 0.682938424102254 0.19238021511551712 0.7293226312259492 0.3368892027567585 0.7799423568654944
0 0.7833766277499775 0.40476743059477754 0.5905244687482403 0.3966075574784259 0.5887591702917165 0.43832899282045396 0.7816113292934539 0.4464888659368055
0 0.535594514260678 0.5527738717132945 0.3803992998006801 0.5009286924834366 0.36627707978872415 0.5432026511419608 0.5214722942487221 0.5950478303718187
0 0.5905856603810766 0.26985377298000734 0.41902342532470715 0.25433881933558933 0.4151040319999921 0.29767893457306177 0.5866662670563616 0.31319388821747973
0 0.47391441178383376 0.4797200798489478 0.47239138060202057 0.45078519839075737 0.3770340126092335 0.45580447745981106 0.3785570437910467 0.4847393589180015
0 0.36968410062099066 0.4364163369308738 0.31525741570788757 0.42638496190118635 0.3057807423983014 0.4778020319158972 0.36020742731140454 0.48783340694558464
1 0.2386064835998197 0.4784446466242177 0.20599409383617298 0.4601366501056492 0.19819400657080616 0.47403109703929375 0.23080639633445293 0.4923390935578623
0 0.32698548042684095 0.5776742906555878 0.25262834303989984 0.45385408536372446 0.19180740693226614 0.49037858224609937 0.2661645443192072 0.6141987875379628
0 0.25439478906250007 0.45908166250000015 0.20930921761159887 0.4475269565470475 0.2046133399281378 0.46584990908988366 0.24969891137903896 0.47740461504283627
