0 0.2504975042609098 0.6433730688848373 0.205851569324615 0.6430214041559993 0.20563047098915951 0.6710911566497627 0.25027640592545425 0.6714428213786007
0 0.9459681417443389 0.4342363517015482 0.9187766642227235 0.34050281521896486 0.7172352269816102 0.39896865003182336 0.7444267045032255 0.49270218651440667
0 0.8079526748060426 0.48219784029104334 0.6902522925582224 0.47376906979962374 0.6863868011613323 0.5277472645378447 0.8040871834091525 0.5361760350292644
0 0.6276121152220157 0.5575172271023516 0.6190907771272489 0.49092516802080943 0.47284110820862263 0.5096397548993632 0.48136244630338937 0.5762318139809054
0 0.567532458182386 0.3443910761193136 0.5352719173528608 0.29644136806144755 0.4498899951579628 0.3538862848010395 0.482150535987488 0.4018359928589056
0 0.5455785222920847 0.3030287412127671 0.50324283929248 0.20175875019374184 0.4550047464657423 0.22192457213041616 0.4973404294653469 0.3231945631494414
0 0.2763196163152842 0.24757951456146715 0.08598208153280214 0.08942889856166569 0.014876471344758158 0.17500596993022383 0.2052140061272402 0.3331565859300253
0 0.46436798099764404 0.34010890434487073 0.35713612686685964 0.25937003743313364 0.3073298742058264 0.32551930388230776 0.4145617283366108 0.4062581707940449
0 0.471989880344445 0.2866638655477274 0.40995063466956827 0.2748250583284513 0.40393946596363683 0.30632556046799164 0.46597871163851357 0.3181643676872678
0 0.448435269684189 0.5729690313662233 0.4402663213488328 0.5498946684023533 0.3842635123602681 0.5697211768948625 0.3924324606956243 0.5927955398587325
1 0.45797991562096996 0.593900833888912 0.44244294968682735 0.5667410389649786 0.4078452384030884 0.586532921161448 0.423382204337231 0.6136927160853813
