1 0.9809614495109413 0.823676063351334 0.9779868491354783 0.8233971799433922 0.9771276652495372 0.8325613275295582 0.9801022656250001 0.8328402109375002
0 0.5779459141762944 0.607395824278652 0.526863407282454 0.48752021621972597 0.46033930509339455 0.5158680841780579 0.5114218119872349 0.6357436922369838
1 0.4681297847013443 0.41759602109350913 0.4561289396004069 0.37795826507036223 0.43614323849852293 0.3840091954766467 0.44814408359946045 0.42364695149979353
0 0.46872362503209547 0.4358835534452618 0.4121429899956365 0.3814670895858416 0.3364173614477254 0.4602043659153856 0.39299799648418443 0.5146208297748058
0 0.7296135866722502 0.45056650300107925 0.6222711913338408 0.3812736486927654 0.5867589077466197 0.4362861549928823 0.6941013030850292 0.5055790093011961
0 0.900507452874507 0.533545907168247 0.7685552590426692 0.4464066805880728 0.7303131076332986 0.5043155693096517 0.8622653014651365 0.591454795889826
0 0.628391204924121 0.5368530705484664 0.5392399813473934 0.47878088936971225 0.5157628034514852 0.5148225722041508 0.6049140270282128 0.572894753382905
0 0.5621890487228063 0.499217908356942 0.5598630845536245 0.4622524224855473 0.4920150048878944 0.4665215994902624 0.49434096905707614 0.5034870853616571
0 0.4921875 0.3937500000000001 0.4625 0.3937500000000001 0.4625 0.4390625 0.4921875 0.4390625
0 0.9371419629734765 0.6872868534854664 0.7821894817112949 0.5698350339828856 0.7294294543315011 0.6394405725652834 0.8843819355936826 0.7568923920678641
