0 0.6152862013515544 0.3886948891076688 0.4767376878212423 0.38153313690634577 0.4736393668552819 0.4414720669623617 0.612187880385594 0.44863381916368467
0 0.3009287279908066 0.6029483241086722 0.2555689307204327 0.5394090243666676 0.2093853677674833 0.5723788093859452 0.25474516503785727 0.6359181091279498
0 0.6039367010747319 0.5803581674728672 0.5460766209619925 0.578934733074598 0.5452787407776971 0.6113671454427624 0.6031388208904365 0.6127905798410315
0 0.8066466187618773 0.622423906415651 0.7182861141293709 0.6137649443192388 0.714411485076322 0.6533036528363976 0.8027719897088282 0.6619626149328098
0 0.7859375081921908 0.5701941966312727 0.6214245411803223 0.5487228700044108 0.6139327754231216 0.6061246614397424 0.77844574243499 0.6275959880666043
0 0.5264937353980536 0.6097059156047093 0.5150974828913647 0.5503727245414762 0.380593071511346 0.5762072736004784 0.39198932401803493 0.6355404646637115
0 0.41757811481029183 0.4065258583131793 0.3709441699428694 0.35234463208364974 0.3297747653133743 0.38777926284640113 0.3764087101807967 0.4419604890759306
1 0.8233885024126927 0.5726111773029451 0.7884016603598258 0.5593007135509426 0.7791910220604829 0.5835110756682443 0.8141778641133497 0.5968215394202468
0 0.818391678125 0.5961881078125002 0.7692510984374998 0.5840697796875001 0.7619554439865136 0.6136541155152739 0.8110960236740137 0.625772443640274
0 0.2881627299751903 0.4198875208244496 0.2750799448852238 0.35715899018039177 0.13799160827275653 0.38575040190050347 0.15107439336272308 0.4484789325445614
