0 0.6456333248129476 0.8507384104991722 0.6379827086615306 0.7890801108150423 0.4764310247956246 0.8091255860909561 0.48408164094704154 0.8707838857750859
0 0.8191656871243452 0.5487310283633142 0.7998554020823226 0.49261052172660874 0.7546734907325288 0.5081569884140152 0.7739837757745514 0.5642774950507208
0 0.591939973808129 0.39508835718780266 0.585773673747761 0.337536165019438 0.47115384831836893 0.34981684816695374 0.4773201483787369 0.40736904033531846
0 0.652801346371334 0.3947503119483457 0.6023659268754091 0.37709791591912994 0.5921322806051671 0.4063369065784334 0.642567700101092 0.4239893026076492
0 0.6939516310113191 0.3385728731910441 0.6497140907053776 0.33580802147863287 0.6460379158539119 0.39462670330282756 0.6902754561598534 0.3973915550152388
0 0.6777133106454195 0.5222068098732314 0.5552251646187505 0.4981385654495466 0.544480007124962 0.5528228372647163 0.666968153151631 0.576891081688401
0 0.5424792235755985 0.5405463919134934 0.5261819845000868 0.5153244741656698 0.4786775645138534 0.5460196376897035 0.49497480358936513 0.571241555437527
0 0.42800507214405314 0.5551925504578884 0.4210598633467482 0.501033949898553 0.3133907022303191 0.5148412639218354 0.320335911027624 0.5689998644811709
0 0.46862492788879295 0.5312793842281653 0.46403494978056853 0.5117425543601383 0.4166083182814336 0.5228849557527054 0.42119829638965794 0.5424217856207325
1 0.4522906750000001 0.5154499015625001 0.44600912493846157 0.4914645164807355 0.4151116374384616 0.4995562821057355 0.4213931875 0.5235416671875001
