0 0.21838872642934842 0.6080121718621908 0.06454353086619138 0.5566563335317469 0.046599874805097044 0.6104096236265291 0.2004450703682541 0.661765461956973
0 0.3815442992185786 0.6895322346368398 0.17558453424028697 0.6468332600802 0.15958759910137826 0.7239949492259709 0.3655473640796699 0.7666939237826107
0 0.38308897795857716 0.5609306190125876 0.2830127219782994 0.4721305562929013 0.24282820436072416 0.5174178674543256 0.3429044603410019 0.606217930174012
0 0.24308619512830587 0.5323466603262575 0.20530220628454537 0.4974691289936263 0.15512534392419025 0.5518273916113932 0.19290933276795075 0.5867049229440244
0 0.46164021093749996 0.6202876984375 0.3650793656250001 0.6202876984375 0.3650793656250001 0.6676587296875 0.46164021093749996 0.6676587296875
0 0.48791330888041295 0.4989007156608931 0.3406675036741416 0.4704015340721955 0.3302344205601394 0.5243058091519562 0.4774802257664108 0.5528049907406538
0 0.6452380960048079 0.40198412808653855 0.5961239582374261 0.38858936260159344 0.5683538108062132 0.4904132316562654 0.6174679485735948 0.5038079971412106
0 0.4956078959526457 0.4032743822946722 0.49083878085029936 0.31584061209508496 0.4319366461080123 0.3190534560536451 0.43670576121035865 0.4064872262532323
1 0.5711902754142753 0.3219490098230072 0.5273261739784877 0.3194183913456775 0.5256883385547864 0.34780756964495574 0.5695524399905739 0.35033818812228545
0 0.5737553919998806 0.376902306480956 0.5728867908842092 0.34693553515714115 0.5199205936750255 0.34847078556805877 0.5207891947906969 0.37843755689187364
