0 0.2877033467214405 0.2497978814234572 0.2561441604985452 0.18922335768322543 0.07822632463832317 0.28191813706550206 0.10978551086121846 0.3424926608057338
0 0.6340294533333469 0.6570894169054806 0.5020906714449809 0.5436785155721868 0.45796830381123066 0.595009131687471 0.5899070856995967 0.7084200330207648
0 0.9580896226963438 0.531043194637718 0.9446970387405036 0.45436296747435156 0.7156601884617763 0.4943653952163035 0.7290527724176162 0.5710456223796699
0 0.7698890264146394 0.5912283578394055 0.6144347117640667 0.5269866711430609 0.5867380639294499 0.5940080030641856 0.7421923785800227 0.6582496897605301
0 0.4594989182487489 0.5359796054129039 0.37579331613271966 0.41389317286622146 0.31336400995811253 0.45669631285504275 0.3970696120741418 0.5787827454017253
0 0.3295376330252543 0.4343500451918317 0.2582160261895282 0.41571441796536507 0.2208352077030979 0.5587769511920679 0.2921568145388239 0.5774125784185346
1 0.3458347615006502 0.5670964608163307 0.33133670226491935 0.5256756070120842 0.23236517881550395 0.5603174571391099 0.24686323805123478 0.6017383109433563
0 0.3162701344270805 0.5778369681130169 0.3040579590613961 0.5592943892529814 0.2648725817746989 0.5851019483205627 0.2770847571403833 0.6036445271805982
0 0.5678715067521423 0.5341953805061015 0.5622693644591295 0.4874726673288583 0.45274396244523507 0.5006049716206415 0.4583461047382479 0.5473276847978849
0 0.4377456078531132 0.5580757150866189 0.3965584163435486 0.5351354940404157 0.38146419305332263 0.5622358721967791 0.42265138456288726 0.5851760932429821
