0 0.23564190029350485 0.623258491066462 0.20236702553978284 0.6014380980632644 0.1413488008439053 0.6944874663378071 0.17462367559762731 0.7163078593410047
0 0.41573846438781664 0.5196501985815632 0.3783347086011116 0.495955493023844 0.31667970888870606 0.5932822374585689 0.3540834646754111 0.616976943016288
0 0.4604504444327828 0.35943750805862623 0.4173658816333738 0.2666068703868024 0.37193801268474314 0.28769085646777565 0.41502257548415217 0.38052149413959946
0 0.46787524691657323 0.4275585204994895 0.45902005489946174 0.3971469708487934 0.3464843662243734 0.4299149535212248 0.3553395582414849 0.4603265031719209
0 0.24630873567109907 0.5315516547904305 0.22170579461689605 0.44375107431724076 0.18356185669140257 0.45443953504607004 0.20816479774560565 0.5422401155192598
0 0.2927999512736627 0.3780090742770744 0.28776355998558545 0.3488493341764161 0.1848448051399839 0.36662518260630117 0.18988119642806112 0.3957849227069595
0 0.2475008821695761 0.5649799673880319 0.22957789746883242 0.5409408265675577 0.19166297771091825 0.5692092464676668 0.20958596241166197 0.5932483872881411
0 0.13286760288174415 0.6531682091943624 0.10591495671237654 0.6401851293937773 0.08010445718571804 0.6937672741453877 0.10705710335508564 0.7067503539459727
1 0.15423447968749993 0.7033621796875 0.1443236445073041 0.692547622857308 0.12784169799356393 0.7076522506207357 0.13775253317375977 0.7184668074509276
0 0.14173126348922255 0.688718446305653 0.12688135081079016 0.6809332003716184 0.1121677628873817 0.7089985303175691 0.12701767556581406 0.7167837762516037
