0 0.24648372946375838 0.35070737848416916 0.22998469482702122 0.2898063134029836 0.11606357017433606 0.32066929714546943 0.13256260481107324 0.381570362226655
0 0.5183717046208098 0.45884027583065956 0.46059304134026624 0.39917289806675954 0.400231423553245 0.45762382585824773 0.4580100868337886 0.5172912036221478
0 0.6547014123022278 0.48245496110091174 0.5640363458261549 0.20355316855504277 0.4781381728558428 0.23147684552906478 0.5688032393319157 0.5103786380749338
0 0.40186906290800894 0.3116430192214618 0.31364590886293137 0.26563571698182453 0.16422863406189953 0.5521568258072453 0.2524517881069771 0.5981641280468827
0 0.4497880703154508 0.6446226994847317 0.4185589580868675 0.5647802350158851 0.19486666298194605 0.6522739244325828 0.22609577521052934 0.7321163889014293
0 0.7683956408723593 0.5142465968538158 0.506045974199423 0.48873159911719855 0.49396782556150143 0.6129212346364449 0.7563174922344378 0.638436232373062
0 0.6022768562264248 0.8468871108696512 0.40092806241388895 0.7066926625211801 0.3354587973595345 0.8007203341285578 0.5368075911720703 0.9409147824770286
0 0.8188803888941549 0.7811888171295454 0.5767620940764369 0.6774273976983446 0.5324025002929866 0.7809366718055379 0.7745207951107048 0.8846980912367387
1 0.7270242443401603 0.8735822489700237 0.6569365968537761 0.8313684256587154 0.6263784640962877 0.8821041200011717 0.6964661115826718 0.92431794331248
0 0.673163412701421 0.9085037768499774 0.6695494791126567 0.858936133330492 0.6154608024311117 0.8628796914977146 0.619074736019876 0.9124473350172
