0 0.171731296338621 0.5547287744749821 0.14402832423930548 0.48230840907513606 -0.007629809320772507 0.5403222152669789 0.020073162778543006 0.612742580666825
0 0.2341030670132091 0.4151386001722345 0.2054686846619347 0.3506510848138868 0.057972317318113545 0.41614387600731095 0.08660669966938794 0.48063139136565863
0 0.39283522621710587 0.4066783138943907 0.37698918832116596 0.3465128989947209 0.24612457052986167 0.3809793062523907 0.26197060842580155 0.44114472115206055
0 0.7726100383827952 0.5855194845797925 0.7297764056556473 0.5440456515017332 0.6398505291447314 0.6369199214030885 0.6826841618718792 0.6783937544811478
0 0.46188384773818436 0.53022616576618 0.41564830212152726 0.47961041032272267 0.3091543204182846 0.5768885662210396 0.3553898660349417 0.6275043216644969
0 0.5878267329515225 0.513394501047935 0.5526178081150539 0.4176702457467159 0.4924030284865134 0.4398182127725696 0.527611953322982 0.5355424680737888
0 0.4586992560774136 0.46208635048548724 0.3961521806233185 0.44058579406776416 0.3831871961982212 0.47830211374539244 0.4457342716523163 0.4998026701631155
0 0.40118775769682974 0.5051845543433722 0.3861029581932288 0.4649584170540904 0.30223508853765946 0.4964088640470581 0.3173198880412603 0.5366350013363398
0 0.5199684570079766 0.4241643796208684 0.5043278886127253 0.401414459104845 0.4775360336315037 0.4198338570967769 0.493176602026755 0.4425837776128002
1 0.540960977054333 0.40792139796704074 0.514480393067014 0.3881312371987536 0.46364324176315697 0.45615481065729063 0.49012382575047597 0.47594497142557773
