0 0.2500844356308879 0.22430669291130245 0.05259090635239603 0.08773156519067085 -0.016143926235048345 0.1871250997135021 0.18134960304344352 0.32370022743413374
0 0.4431184453886449 0.17152274800288064 0.349579231750302 0.13933721314934228 0.3195791829841193 0.22652485764462008 0.4131183966224622 0.2587103924981584
0 0.522400679377168 0.6633756854339297 0.3732502757864022 0.541710000000623 0.3110715078964906 0.6179351763313853 0.4602219114872564 0.7396008617646921
0 0.47594577090332446 0.5465488414333873 0.4328866551175706 0.5159542048422271 0.39615439566205135 0.5676514560337821 0.43921351144780524 0.5982460926249423
0 0.5775542739192477 0.6831450464901249 0.5252798856084014 0.456235490836133 0.46083280567743456 0.47108251511460236 0.5131071939882809 0.6979920707685942
1 0.7361806646419369 0.4498459871240871 0.7017696889377725 0.4336525920436635 0.661015469759383 0.520255335879953 0.6954264454635473 0.5364487309603765
0 0.640873015625 0.4861111109375 0.630704365625 0.4861111109375 0.630704365625 0.5019841265625 0.640873015625 0.5019841265625
0 0.7089088956712186 0.4679975107043983 0.6756476707130051 0.43695369864794154 0.6348387487477237 0.4806775406593835 0.6680999737059372 0.5117213527158402
0 0.8919858040680385 0.5094540435087633 0.8874097932160137 0.38847577518946047 0.7620530482663811 0.3932174022042398 0.766629059118406 0.5141956705235426
0 0.8674437015854467 0.570877964559757 0.7636287439350234 0.5553057216513417 0.7316219637007815 0.7686842666744615 0.8354369213512045 0.7842565095828768
0 0.7780263341823292 0.3584855524059331 0.7297468715825133 0.1734867761985366 0.6408748432243316 0.19667986891650382 0.6891543058241474 0.3816786451239004
