0 0.6006158899517164 0.5207486795210139 0.5950040440274011 0.4587244847892201 0.45790628883623247 0.4711288615333161 0.4635181347605478 0.5331530562651099
0 0.7521851265516621 0.4872777447473154 0.7147101930532829 0.4462126177408933 0.6616019542065884 0.4946777720964291 0.6990768877049678 0.5357428991028511
0 0.9472665335546298 0.4902345877926793 0.8058170881714233 0.456493941751882 0.7910489860634768 0.5184056149903183 0.9324984314466832 0.5521462610311156
0 0.4378793404924924 0.6996757265936816 0.43626631003346994 0.6373285255655118 0.271708847957448 0.6415859131340113 0.27332187841647054 0.7039331141621811
0 0.515131219282606 0.6684395252438899 0.4602688638949336 0.6677872595173416 0.45986846475560517 0.7014650061544352 0.5147308201432776 0.7021172718809835
0 0.34214167830427034 0.7411680781643197 0.339532989813197 0.6988440615286937 0.24977555837228538 0.7043763620285266 0.2523842468633587 0.7467003786641525
0 0.8623747597840381 0.6673529773182515 0.8129565962978645 0.6439771271358528 0.7771662903344512 0.7196403084755378 0.8265844538206247 0.7430161586579365
0 0.6913444546332148 0.6785428728413478 0.5517192042948108 0.6401716165882354 0.5348977100300646 0.701381636200004 0.6745229603684686 0.7397528924531166
0 0.29677384663688794 0.6856974340599351 0.2912924882597151 0.6606372171526507 0.23671593134228425 0.6725746105344952 0.24219728971945703 0.6976348274417797
1 0.28119681148586634 0.6709062193021296 0.2771891783047782 0.6398082760143684 0.23676401213141185 0.6450179207747391 0.2407716453125 0.6761158640625001
