0 0.4676857980383284 0.7411238077037507 0.41180964700361355 0.5885730450400026 0.08829637001795325 0.7070691863305633 0.14417252105266806 0.8596199489943114
0 0.5531526388595034 0.5030035451698509 0.5043024064155723 0.3904735385879077 0.3096753171396237 0.4749628125140803 0.35852554958355476 0.5874928190960235
0 0.3217794659733515 0.6166260614808785 0.27396590844433144 0.47796674012833984 -0.009156643559709753 0.5755952031552891 0.03865691396931028 0.7142545245078278
0 0.9687950909945965 0.49408764135102246 0.9249168324777234 0.3934350046181795 0.724152444135086 0.4809557295452561 0.7680307026519588 0.5816083662780991
0 0.7295817296408285 0.46108204373233697 0.7209770126615636 0.35782533156160834 0.5359195440762498 0.37324677108452253 0.5445242610555148 0.47650348325525116
0 0.7341987175458058 0.6315650244983835 0.691276408246868 0.4981992518797463 0.4029924658083404 0.5909802728291538 0.44591477510727834 0.7243460454477909
0 0.6893253463539513 0.5022526204152872 0.6664465973458709 0.44564238534572687 0.547288359375 0.49379960312500015 0.5701671083830803 0.5504098381945605
0 0.5493006486785965 0.5655255985577797 0.5458968059461518 0.5355717902321786 0.43813321399669664 0.5478176561098004 0.4415370567291415 0.5777714644354017
1 0.7551403822358816 0.4225362631959098 0.7483925280868508 0.3657418270604197 0.7040514608898096 0.37101007294183336 0.7107993150388405 0.4278045090773235
1 0.7233601356660072 0.4316938289569118 0.6932408282667836 0.4276779209011784 0.6853519731361705 0.48684432845068804 0.7154712805353942 0.49086023650642135
1 0.747396970207018 0.4279138442167554 0.7260448517561608 0.42420043311750383 0.7140223797214247 0.4933296623077603 0.735374498172282 0.49704307340701187
0 0.7365583623972106 0.4260151680267992 0.7338813589199957 0.39865023651385834 0.6873207443192006 0.40320507806822664 0.6899977477964155 0.4305700095811675
