0 0.7458928165164841 0.14078794262245 0.6769886665524809 0.11305494812644831 0.6024176516878624 0.2983307354901381 0.6713218016518656 0.3260637299861398
0 0.7978517175930778 0.3821225179264329 0.7845370207391199 0.31576194772246524 0.5711638209534842 0.358573506802994 0.5844785178074421 0.42493407700696173
0 0.7487871255875885 0.49527040192178945 0.7439133941043994 0.4340888409301389 0.5319242828481947 0.4509759224114965 0.5367980143313839 0.512157483403147
0 0.6649118683360298 0.5239637960872479 0.6065802922185117 0.47217142889167035 0.5152833257569951 0.5749953822425261 0.5736149018745131 0.6267877494381036
0 0.5377428179180538 0.4126517768990453 0.4991501502262925 0.3911274303349869 0.4575934091581317 0.46563772934095626 0.496186076849893 0.4871620759050147
0 0.5165296880733373 0.5273855127584757 0.5157411987670284 0.48566328927577757 0.48207129954106004 0.48629960137202 0.48285978884736896 0.5280218248547182
0 0.49853141847906757 0.4739688216749641 0.30013396610193366 0.450830841382445 0.292958469025686 0.5123574016729033 0.4913559214028199 0.5354953819654223
0 0.42665730154367665 0.5596253336492081 0.2815179981843884 0.4837141894053537 0.250727052603531 0.5425853398259483 0.39586635596281927 0.6184964840698026
1 0.45504647198165404 0.5514255775807126 0.426247753980091 0.5398418586084892 0.3940719827678342 0.6198352496642064 0.42287070076939715 0.6314189686364298
0 0.4590776708146752 0.602536675673693 0.444653436640394 0.5675489540134705 0.41673298069980474 0.5790595976229863 0.431157214874086 0.6140473192832088
