0 0.3706183867042825 0.7741402119466148 0.3447420652560764 0.7482638893663196 0.2735201719762732 0.8194857795301649 0.29939649342447927 0.84536210211046
0 0.43353174609375006 0.6258267195312501 0.39942956328125 0.5917245367187501 0.36185515859375006 0.6292989414062501 0.39595734140625005 0.6634011242187501
0 0.36958942093213065 0.6643953771183068 0.32378777715590634 0.6190809828632592 0.1835692025793342 0.760807277766798 0.22937084635555852 0.8061216720218456
0 0.5989964722567858 0.5707780374634407 0.5821145169383707 0.5137009533888557 0.4356951514932355 0.5570080918888779 0.4525771068116506 0.6140851759634629
0 0.7049662701460019 0.49226646146572917 0.6642117823449019 0.43881794783703815 0.6230582832919955 0.47019748790761434 0.6638127710930956 0.5236460015363054
0 0.4004401708148051 0.39756878846375204 0.3529916550114254 0.33882299580860675 0.24137117863474428 0.42897797879487953 0.28881969443812394 0.4877237714500248
0 0.6852578724023941 0.22675304937326782 0.5289811007759316 0.22550616147057978 0.5283855264749697 0.3001515476495203 0.6846622981014322 0.3013984355522083
0 0.5146624324623653 0.36666025491781423 0.49428855915250436 0.25969757647398384 0.4356634820495919 0.27086427415819336 0.45603735535945294 0.3778269526020238
1 0.4497958405895398 0.3111934026911261 0.4427056765606282 0.2812571562234265 0.40621443789780376 0.289899818489611 0.41330460192671536 0.3198360649573106
0 0.4673127804897301 0.3268086057955454 0.4571279842043676 0.3023650998438108 0.408012037533317 0.3228300819210599 0.41819683381867956 0.3472735878727945
