0 0.6566175007636541 0.31221719279283994 0.49732568160224105 0.18524809887448254 0.45669046101877964 0.2362278925314098 0.6159822801801926 0.36319698644976717
0 0.43630501321464726 0.5092017265870041 0.41442023728427646 0.35187040881463144 0.3493154306567726 0.36092648312460734 0.3712002065871435 0.5182578008969801
0 0.4383719561858891 0.5892927172006523 0.4179112032465495 0.52081397063414 0.22996323520711037 0.576970911762885 0.25042398814645 0.6454496583293972
0 0.5183682310618636 0.6102309297731006 0.5108403662648169 0.48408752368849817 0.4497659640830733 0.4877322630883227 0.45729382888012005 0.6138756691729251
0 0.686064844823586 0.6094166908903031 0.5917508529475394 0.5017128324358946 0.556440384389872 0.5326334632515208 0.6507543762659187 0.6403373217059294
0 0.7628814261719025 0.5031872549030869 0.6873248015089082 0.4391565533883318 0.6596867950548406 0.4717695723102343 0.7352434197178348 0.5358002738249894
0 0.7785799182984974 0.314391725052188 0.7218978145291578 0.27106170948099056 0.6095283292591869 0.4180577061501829 0.6662104330285264 0.4613877217213803
0 0.612348685764237 0.4394656920136616 0.6032131972353968 0.3964417475967538 0.5270038750877977 0.41262365275923074 0.5361393636166378 0.4556475971761385
1 0.5841924955234662 0.3989445900540084 0.5829149619729702 0.3781414235217857 0.5307981903209328 0.38134194226136714 0.5320757238714287 0.4021451087935898
0 0.5727917512152241 0.3818445285302895 0.5717623411255196 0.3593634360995548 0.5266102020075275 0.36143095429169814 0.527639612097232 0.3839120467224329
