0 0.3759235939761917 0.48434036485735044 0.3738260043700411 0.4284046403324614 0.2176406296494998 0.43426159170708356 0.21973821925565035 0.49019731623197266
0 0.30210096958656874 0.5075230522472658 0.29321470578855935 0.46938617091598855 0.2125405937891717 0.4881840226508857 0.2214268575871811 0.5263209039821628
0 0.45764231538316097 0.485631383498107 0.4571536222646162 0.4550065839482689 0.4043203457332806 0.4558496673006682 0.40480903885182523 0.4864744668505064
0 0.6118149097601334 0.4436161048104708 0.48788820840027247 0.4277956741427671 0.48022435188981805 0.48782921412564384 0.604151053249679 0.5036496447933475
0 0.7696471548250826 0.45086652395926563 0.726750145566277 0.42247879505218 0.687384663878253 0.48196440723255457 0.7302816731370585 0.5103521361396403
0 0.5357459504580633 0.3204488480014006 0.5299779662486817 0.25796235145345625 0.4015267750656767 0.269819384306168 0.40729475927505837 0.33230588085411233
0 0.6785637610889268 0.2919895128528275 0.645078279404315 0.24627917305446637 0.5897608103572601 0.28680243551073553 0.623246292041872 0.3325127753090967
0 0.8475828251560584 0.2749052815303121 0.7238457461426886 0.2563447195613751 0.7145315071105829 0.3184396460508824 0.8382685861239526 0.3370002080198194
1 0.6125291 0.2663412703125 0.6115480900617462 0.24491141954166307 0.5809915431867461 0.24631022891666307 0.5819725531250001 0.2677400796875
0 0.6262913359375 0.26639236093749996 0.617651636580878 0.249434970396684 0.567968105330878 0.27474846258418395 0.5766078046875001 0.29170585312499997
