0 0.3999704932279749 0.7815233857698713 0.3715877058775165 0.7587540057952575 0.3081691378482764 0.8378073543032698 0.3365519251987348 0.8605767342778836
0 0.4465599607406433 0.6245064530915878 0.407961179951812 0.5970671154354432 0.37660580445731434 0.6411745673145738 0.4152045852461456 0.6686139049707183
0 0.3856218519510307 0.670789647664887 0.3346072869843821 0.6316961404456306 0.21272415955838783 0.7907459460192007 0.2637387245250365 0.829839453238457
0 0.6065606468541873 0.5594612558257748 0.5863788774987555 0.5039471801140329 0.4419320520991876 0.5564598532867906 0.46211382145461954 0.6119739289985324
0 0.7042270894166489 0.42496737495380954 0.653599905123232 0.41600911226420073 0.6418185478079113 0.4825908780256808 0.6924457321013281 0.49154914071528966
0 0.389920307282999 0.40328511527589495 0.3361446129870374 0.3506756860767161 0.23535916409251242 0.4536953837190132 0.289134858388474 0.5063048129181921
0 0.6671665705358685 0.26671488637666246 0.6532562440835817 0.19273878688983517 0.49843137861615405 0.22185176306083196 0.5123417050684408 0.2958278625476593
0 0.5028042999381661 0.3576067830206423 0.46392895869273965 0.255587742457811 0.40864172896316503 0.2766554756024664 0.4475170702085915 0.3786745161652977
1 0.4305441012866547 0.3123923797718244 0.4201029198231828 0.28357415472501224 0.38455268915205154 0.29645442090735385 0.3949938706155235 0.32527264595416605
0 0.4483719007680385 0.3334788668006491 0.44117009391113504 0.30837270527420946 0.39011950116139604 0.32301678013714186 0.39732130801829946 0.34812294166358154
