0 0.8882782958743369 0.5938754817778575 0.7129632751441386 0.48836181426123615 0.6531612043622367 0.58772525717432 0.8284762250924352 0.6932389246909414
0 0.7147455882116943 0.47940287886655353 0.5599425357647538 0.4257649790026369 0.5241451250967969 0.5290790247642292 0.6789481775437374 0.582716924628146
0 0.5392421626669657 0.475041338440824 0.5202854166446357 0.3718493802880348 0.44175538596092956 0.3862756386268157 0.46071213198325955 0.4894675967796049
0 0.6702388743870393 0.6653976748451939 0.4520992441792596 0.557791886093707 0.39688193955893547 0.669729009093341 0.6150215697667152 0.777334797844828
0 0.4962449496525555 0.5480977003423139 0.3354351077870681 0.4733881286264168 0.28886470192696156 0.5736293618442183 0.44967454379244903 0.6483389335601153
0 0.565548591825044 0.5482517634105916 0.49764533601036165 0.5267594493204136 0.4817985809339449 0.5768260107558942 0.5497018367486273 0.5983183248460722
0 0.47579233326347936 0.5224931293923237 0.46488935938534953 0.45612720845019455 0.4135118321980132 0.4645678030941669 0.42441480607614296 0.5309337240362961
0 0.35332143934258553 0.4815440362714776 0.3158394665653332 0.4044072302439936 0.26160500644790596 0.43076059723440396 0.29908697922515837 0.5078974032618879
1 0.3983848244705082 0.41458581996795524 0.38399343976806277 0.3808605572488433 0.34130298966762557 0.39907760408500564 0.355694374370071 0.4328028668041176
0 0.42888170513539176 0.42871542677853614 0.417570769405588 0.40364058115007834 0.3507164586800463 0.4337976885190155 0.36202739440985 0.4588725341474734
