0 0.6051463253128269 0.5157559338032824 0.5726788140222817 0.4579019343305554 0.5029591541566765 0.4970284228100009 0.5354266654472216 0.5548824222827279
0 0.6149454391927622 0.3967548155827563 0.5688821012888915 0.3554699364081825 0.5093924717385112 0.4218451072344768 0.555455809642382 0.4631299864090507
0 0.4436624364819116 0.5307731569125601 0.312544762374791 0.5138780607724017 0.284437822860309 0.7320074223833535 0.41555549696742966 0.7489025185235119
0 0.7573289227934594 0.5387230451853263 0.6258379539769336 0.508859573180311 0.5739558332411248 0.7373002018741811 0.7054468020576505 0.7671636738791965
0 0.5068922756738257 0.4083315711893663 0.4000426498654228 0.37020549140797876 0.3497621959354341 0.5111181611264813 0.45661182174383697 0.5492442409078688
0 0.7465239238067852 0.37714741549505293 0.6460827694150499 0.3671776179187426 0.6292929712203668 0.536327161805706 0.729734125612102 0.5462969593820164
0 0.7462247829470827 0.2727807566581296 0.6692519042060763 0.25510479715346457 0.6437148847169916 0.36630995713480835 0.720687763457998 0.3839859166394734
0 0.5626044026007538 0.3605420352262277 0.4915817609108678 0.26566212559975666 0.4049624862271658 0.33050124416044746 0.4759851279170519 0.42538115378691854
1 0.5842932755864298 0.2999117584006214 0.5772795209669674 0.26058356470889665 0.5266561673584345 0.2696116879684513 0.533669921977897 0.3089398816601761
0 0.6065660907695953 0.314771461752361 0.5954005695098601 0.2847037202504585 0.5221897374300328 0.3118902351397961 0.5333552586897683 0.3419579766416986
