0 0.8309885855901731 0.04707393736458165 0.7003975445041432 0.009476871026059718 0.6900959590533714 0.04525877902760491 0.8206870001394014 0.08285584536612685
0 0.40577744840385155 0.23893544036969647 0.3778201549773538 0.20566660531330969 0.2942288855340005 0.2759120961385923 0.3221861789604982 0.30918093119497914
0 0.6159858872348771 0.4745896862692394 0.4725506537057103 0.46450328054552764 0.46875791074460516 0.5184385462133877 0.612193144273772 0.5285249519370995
0 0.8064243269078885 0.35844763632409443 0.6999062719240907 0.3495958473811968 0.6961291416397655 0.3950479671619712 0.8026471966235633 0.40389975610486883
0 0.6611946175119114 0.3329690732915166 0.650632394781316 0.30690356487150294 0.5828836757201735 0.334356590107216 0.5934458984507691 0.3604220985272297
0 0.5893678684925967 0.3200690547329287 0.4912551453804487 0.25890601800084856 0.4650413757911829 0.30095599548485263 0.5631540989033309 0.36211903221693276
0 0.41371696703224237 0.46023314619784417 0.3727739823852256 0.436689536360283 0.3312735718462025 0.5088598910028967 0.3722165564932192 0.5324035008404578
0 0.4932201858072471 0.4377239252230784 0.4368725877567236 0.42014838098775187 0.42641153155414646 0.45368676717905726 0.48275912960466993 0.47126231141438374
1 0.7129523745682996 0.3872050781947429 0.71171119375 0.3643912140625001 0.6795388169214222 0.3661415417039408 0.6807799977397218 0.38895540583618365
0 0.7173122281250001 0.36439717343749994 0.7157739164718542 0.3409232245963321 0.6716500063996053 0.34381478432093454 0.6731883180527511 0.36728873316210237
