0 0.3262245935961178 0.47181539594215743 0.19965399477940884 0.39608463905206087 0.17825202746167423 0.43185425143283374 0.3048226262783832 0.5075850083229303
0 0.4749817451407153 0.4570182874603462 0.4110512607004889 0.44697199785547637 0.40368920398074515 0.49382112037544657 0.4676196884209715 0.5038674099803163
0 0.5718197832267464 0.576628536344381 0.5707926620172905 0.5313085208296695 0.4182235624747723 0.5347663077758553 0.41925068368422824 0.5800863232905669
0 0.44791149823596327 0.2460260833553848 0.2581739736941048 0.041347561374305064 0.18473805010359112 0.10942285437352428 0.37447557464544967 0.314101376354604
0 0.5228144291934516 0.8312708016558539 0.4754683384030873 0.7206554637590757 0.25465981855499276 0.8151669521909015 0.3020059093453571 0.9257822900876796
0 0.6594738059477085 0.8036344859012399 0.5750462360714221 0.7801917418225409 0.5433739332663693 0.8942575503831623 0.6278015031426558 0.9177002944618611
0 0.8651077119970209 0.6812441581880682 0.7919658761811545 0.6074871604958945 0.6649831694587987 0.7334107823507787 0.7381250052746651 0.8071677800429526
0 0.5828904778268669 0.5135993095994291 0.5229881866220125 0.38491712392693084 0.45860582046802617 0.41488748249411433 0.5185081116728805 0.5435696681666127
0 0.8885393578684215 0.5811471762691524 0.8703462701391553 0.5452348507911994 0.7904861673372846 0.5856917645946402 0.8086792550665509 0.6216040900725932
1 0.8990241219067208 0.5986632224816522 0.8277658091784721 0.5834754489609941 0.8201430561314696 0.619240040771287 0.8914013688597183 0.6344278142919452
