0 0.5280418702918213 0.13798797826244313 0.5254045050576548 0.10702348759791824 0.39657667379044337 0.11799625143434925 0.39921403902460983 0.14896074209887414
0 0.7824846240808376 0.39074088098916415 0.7501282735604187 0.31619359776877504 0.7106668230827946 0.3333213651204489 0.7430231736032136 0.407868648340838
0 0.5779391793826074 0.5770186817370726 0.5779141660723073 0.5254253044504944 0.4447327609450715 0.5254898729666073 0.4447577742553716 0.5770832502531855
0 0.6356236070440578 0.5128645159226976 0.6218173243433334 0.4850777763933438 0.5722696643953072 0.5096963178986963 0.5860759470960317 0.53748305742805
0 0.5031093925640177 0.4010133574741623 0.45388202573975134 0.3694990329356652 0.4404142507480026 0.3905365487172779 0.48964161757226893 0.42205087325577495
0 0.3947516075918397 0.40226962176469333 0.27910853524887674 0.39549245504369734 0.27663795968989474 0.43764944480919665 0.3922810320328577 0.4444266115301926
0 0.6973670141465924 0.591987607322246 0.6865171333883863 0.5129444928562393 0.6462423105996663 0.5184728304953568 0.6570921913578724 0.5975159449613634
0 0.6324115136883434 0.3813441567395059 0.6153839013105443 0.34126734562869043 0.503557264363659 0.38877962454178394 0.5205848767414579 0.42885643565259945
0 0.42832309156715276 0.3977570027658729 0.3804873264492291 0.3885500299106991 0.3762633443063606 0.41049615930924704 0.4240991094242842 0.4197031321644208
1 0.41027091562500007 0.4194198343750001 0.37758182656249994 0.4097569671875001 0.37153810780503915 0.43020262341952487 0.4042271968675393 0.43986549060702484
