0 0.4325712221044612 0.5218035251834902 0.4128950458943218 0.5211583552319567 0.41187048539632565 0.5524050567384498 0.43154666160646504 0.5530502266899832
0 0.5182749452156405 0.5597931371727656 0.366383275004885 0.5138157368340723 0.34702917601118594 0.5777542457519692 0.49892084622194144 0.6237316460906625
0 0.3176753477226403 0.27780985662324664 0.17122296967290723 0.2551368906838121 0.15589322310278625 0.35415692388507714 0.30234560115251935 0.3768298898245116
0 0.3800997639179237 0.48850766231065085 0.046555674867902685 0.26461015405895105 -0.03754241444814661 0.38989256926222976 0.29600167460187443 0.6137900775139296
0 0.5040134459983873 0.6465933532486802 0.1936339844400089 0.5647726416450919 0.16448254479994245 0.6753559885972906 0.4748620063583209 0.7571767002008789
0 0.6107799114148424 0.20327570742343512 0.4784278831394707 0.13388286205004382 0.29314737861520734 0.48726584327412137 0.425499406890579 0.5566586886475127
0 0.710343757413708 0.28225444635604646 0.5640489893275455 0.225406923245654 0.45148603345840704 0.5150830713513596 0.5977808015445695 0.5719305944617521
0 0.6925540464012877 0.5974627355475948 0.6261168230908487 0.5044967190067942 0.4543925898230229 0.6272177052116981 0.5208298131334618 0.7201837217524987
1 0.8033942106842049 0.5717642538409915 0.7334156014241691 0.49047650435691104 0.6990380972177128 0.5200712458704522 0.7690167064777487 0.6013589953545326
1 0.7024579906494299 0.5250391510043346 0.6985906977905529 0.5243395631628566 0.6973874934603901 0.5309908272899984 0.7012547863192672 0.5316904151314766
0 0.7550362645014255 0.538279233345274 0.7001831737406873 0.4834897060369376 0.6618728476987061 0.5218444773717602 0.7167259384594443 0.5766340046800966
