0 0.3925034794030866 0.9557754178862986 0.3769871759382345 0.7517986765813377 0.2537412307051668 0.7611738704138039 0.26925753417001885 0.9651506117187647
0 0.38908275103265055 0.5852916165084759 0.264553686679825 0.5692719976652836 0.2420165460276711 0.7444652445254242 0.3665456103804966 0.7604848633686165
0 0.36549470457361233 0.41417273798296916 0.2653404543063199 0.4092434585321256 0.2594411095051933 0.5291077229783194 0.35959535977248563 0.534037002429163
0 0.5378362467338949 0.4611919460202102 0.4954645086084926 0.3340060540491775 0.417110429070416 0.36010956669349237 0.4594821671958182 0.48729545866452495
0 0.5860476566754216 0.6227595003386389 0.5185996031383411 0.47235593048429686 0.38592759077060707 0.5318523174498273 0.4533756443076875 0.6822558873041694
0 0.4687654958609849 0.5322871914192084 0.4085760212766917 0.4716844647705821 0.36705709711110757 0.5129202699732227 0.42724657169540087 0.5735229966218489
0 0.4805965588775657 0.6206928618638468 0.43182563206634167 0.5895258438334492 0.39356999360949596 0.6493892206080822 0.44234092042072 0.6805562386384799
1 0.41293848806692723 0.41769538844113646 0.40416893289587297 0.38214704459214854 0.34646665001559834 0.39638183863386184 0.35523620518665266 0.4319301824828498
0 0.4254435810581699 0.43825669094443837 0.4183884921627065 0.4098547047285589 0.33647363002192276 0.43020245892681086 0.3435287189173862 0.45860444514269033
0 0.597405159016348 0.6988511055442503 0.4876241915302634 0.675647887645013 0.4396898417788595 0.9024388144198066 0.5494708092649441 0.9256420323190436
