0 0.5402058646912253 0.7600041148527419 0.4434165661429564 0.4895937540575547 0.35804004308990944 0.5201529891197549 0.45482934163817834 0.7905633499149423
0 0.5261337086788903 0.40088517870113505 0.2726580929489153 0.36044780415279315 0.2527124664209162 0.4854739716964029 0.5061880821508913 0.5259113462447448
0 0.6161798131510747 0.53867593876582 0.5584642725646878 0.4787522000518695 0.49818787664524217 0.5368074023765536 0.5559034172316291 0.5967311410905041
0 0.8958145521056329 0.6550594890089737 0.8696591491056689 0.6003609314914786 0.7576339656187179 0.6539284102921573 0.7837893686186819 0.7086269678096524
0 0.8505830764485547 0.4457384364756448 0.7642293177010583 0.39972738538147967 0.6125820440518963 0.6843397072476923 0.6989358027993926 0.7303507583418575
0 0.8229322922112298 0.34567512812196666 0.791067818447979 0.266614423358699 0.5702572357472501 0.355609494174011 0.6021217095105007 0.4346701989372786
0 0.49042432015808535 0.22651181360170206 0.2618697965775077 0.121938960154479 0.21514404102497 0.22406281397704464 0.4436985646055477 0.32863566742426764
0 0.6860284670811849 0.20286997198102902 0.49470237838772374 0.06427119230016572 0.43478473180257515 0.14698338494176116 0.6261108204960364 0.2855821646226245
1 0.40381479923537444 0.13178425272824054 0.3380467342681281 0.08442769655988491 0.3055994608285039 0.12948997642670462 0.3713675257957503 0.17684653259506025
0 0.4161514978442547 0.15352613087253558 0.4106890254171597 0.0951020761516852 0.35963288885246425 0.09987567051365127 0.3650953612795593 0.15829972523450164
