0 0.6528112619261097 0.690245298997107 0.6046234820532254 0.6446201757163734 0.46668158694159645 0.7903099448373834 0.5148693668144808 0.8359350681181169
0 0.4040891950978048 0.5238722379398265 0.3361337916784408 0.5235264776304194 0.3353297391731408 0.6815541947553676 0.4032851425925047 0.6818999550647746
0 0.3914389426066064 0.4449416734981589 0.19546036118498267 0.4135949774341934 0.18429050892497584 0.48342855083977065 0.38026909034659956 0.5147752469037362
0 0.4799044335853477 0.5389674581879187 0.4668609778470724 0.41324545383796646 0.4057381069522454 0.4195868533824233 0.41878156269052064 0.5453088577323755
0 0.6339355230943169 0.393375006712105 0.5937955364408282 0.36739968285575775 0.517328102802218 0.48556574625713134 0.5574680894557067 0.5115410701134786
0 0.7274489139585816 0.4883916015403537 0.6949256641953663 0.45946167501918395 0.6300430489206019 0.5324032187983433 0.6625662986838172 0.5613331453195131
0 0.7735172572029394 0.6721463166343082 0.637947723492131 0.5416306879135899 0.5892447963448043 0.5922195192162616 0.7248143300556127 0.7227351479369799
0 0.5899746245439627 0.5742358330427806 0.5113500665520381 0.5624301599197704 0.5048959049067496 0.6054142067658717 0.5835204628986743 0.6172198798888818
1 0.5686847403365516 0.6330455212091349 0.5666271858794684 0.612804980454143 0.514453860427017 0.6181086657471889 0.5165114148841004 0.638349206502181
0 0.5599149693588246 0.6550477665631586 0.5584112793519328 0.6323113298771149 0.5134869862914382 0.6352824291515762 0.51499067629833 0.6580188658376198
