0 0.9189412158574294 0.8373494866703964 0.754312089195996 0.6718197258719485 0.6890420585739819 0.7367346274983148 0.8536711852354154 0.9022643882967627
0 0.35992186783719593 0.6653094523548958 0.3060524927577425 0.5268768511793283 0.23967394818982535 0.5527072602317621 0.29354332326927884 0.6911398614073297
0 0.42766494519281223 0.7150340694083115 0.35183334314110903 0.6679070927374177 0.2721720324638469 0.7960894043756295 0.34800363451555005 0.8432163810465232
0 0.982394542844925 0.37412819909104683 0.9275758202716287 0.32328396952766186 0.8743808832188001 0.3806371543756619 0.9291996057920965 0.4314813839390469
0 0.9361554500663486 0.1572845525348149 0.8915389451438103 0.08904184908586057 0.6865607434465557 0.22305487147263375 0.7311772483690943 0.2912975749215881
0 0.5578926746499675 0.09450648536284441 0.4802321964226445 0.09224886233965068 0.4763447174797504 0.2259751180972293 0.5540051957070734 0.22823274112042308
0 0.4354604024640009 0.26618472792018893 0.3950378372476936 0.2122946365060186 0.2739458528452394 0.30312485238116144 0.31436841806154675 0.3570149437953318
0 0.4027693458164589 0.3187087009451988 0.3487465253029344 0.30356471444842664 0.3271051051675019 0.38076569160747475 0.3811279256810264 0.3959096781042469
1 0.8741273484375001 0.24989342343750004 0.8398696547879047 0.23115543583241208 0.8122720041476269 0.2816107932063531 0.8465296977972223 0.3003487808114411
0 0.898614248897626 0.24958831454157027 0.8593800432104078 0.2428357546098336 0.8479816762722419 0.30906335976570204 0.8872158819594599 0.3158159196974387
