0 0.3812480808513922 0.6606004364037271 0.3139153081201063 0.6371951460908207 0.2624541169535872 0.7852396541047109 0.32978688968487313 0.8086449444176174
0 0.5666269749779972 0.7871295075499847 0.4209790882009875 0.6793794671821277 0.38327417781458656 0.730345949423317 0.5289220645915963 0.8380959897911741
0 0.5887109358799477 0.6582447369627207 0.3908338405461424 0.6332504683482629 0.38348626818858855 0.6914204551678296 0.5813633635223938 0.7164147237822873
0 0.5050597884604185 0.6241060662689153 0.42918077398017596 0.6042265118105445 0.42174457701754803 0.6326100099511474 0.4976235914977907 0.6524895644095181
0 0.5259622146823423 0.5653690861167193 0.45205506786863214 0.5219109946899905 0.4326636387690398 0.5548890926768193 0.5065707855827499 0.5983471841035481
0 0.43376172974409544 0.5383067946784743 0.38487720165431616 0.5061491309806417 0.31640126210199043 0.6102429489262938 0.3652857901917697 0.6424006126241265
0 0.5593250603734715 0.46985294262079974 0.5457531162469944 0.450564967959955 0.520035553570974 0.4686610786115664 0.533607497697451 0.48794905327241117
1 0.550588342008526 0.4626653559010384 0.5265423230984043 0.44922685592787026 0.5011114368407118 0.49473130754632455 0.5251574557508336 0.5081698075194927
0 0.6168836283681769 0.47964481137557413 0.5748260665711692 0.4650559617258573 0.5443220100376757 0.5529947830531249 0.5863795718346834 0.5675836327028417
0 0.4828739869200508 0.42857194355128786 0.44129013174961207 0.40335629414223984 0.3904887089097351 0.48713438668930875 0.4320725640801738 0.5123500360983567
