0 0.8299099628165225 0.678231252677124 0.6608651582061317 0.5461450950361796 0.6180130308005132 0.6009875526698844 0.7870578354109041 0.7330737103108288
0 0.347327201829136 0.6492460885639951 0.2734507384457533 0.5685148925475527 0.1349078174620284 0.695294397052806 0.2087842808454111 0.7760255930692483
0 0.2886173357650448 0.6047887843438395 0.2275836153420391 0.4964977568430663 0.16129354100824564 0.5338593920319108 0.22232726143125134 0.642150419532684
0 0.7927750849528914 0.40155435353890045 0.747105400118763 0.37975174864901795 0.7248970367667613 0.42627137142300986 0.7705667216008896 0.44807397631289236
0 0.3774753939968457 0.4177867163987667 0.3592173099114685 0.37845448301549045 0.29616015134446905 0.40772571437635097 0.3144182354298462 0.44705794775962726
1 0.7367106803683823 0.3899239789793983 0.7041010988635659 0.30894188964210334 0.6742465272616149 0.32096362301440895 0.7068561087664313 0.40194571235170395
0 0.7289865932809929 0.3318661494518042 0.7058334737570731 0.3284719187964934 0.7006179711010803 0.36404850996968935 0.7237710906250001 0.36744274062500015
0 0.4997359145100605 0.3591209044970404 0.4880206024965446 0.28190057166414667 0.44236253039458795 0.2888274850946749 0.4540778424081039 0.36604781792756863
0 0.42725604603842643 0.3705217920914979 0.4118993072153927 0.31538704814273544 0.27389024113835847 0.35382685997763536 0.2892469799613922 0.40896160392639774
0 0.7444256570705688 0.3348391982806117 0.7182481139802988 0.2721850441518735 0.5961736098939517 0.3231890140463124 0.6223511529842218 0.3858431681750506
