0 0.7627979514610569 0.4437245955751806 0.6081835014682532 0.42793739463713454 0.602536807978741 0.48323918065892696 0.7571512579715447 0.49902638159697305
0 0.7625560466129999 0.4880027311903207 0.6771442463803407 0.48097916857765155 0.6740306680069592 0.5188426217426141 0.7594424682396184 0.5258661843552834
0 0.5753958770660295 0.48538995486015263 0.5749945254910354 0.45486099714852707 0.5218567725788597 0.45555957719912693 0.5222581241538538 0.4860885349107525
0 0.49902817705220537 0.48583669462805296 0.4942333324535638 0.42562713930992224 0.3680008823335967 0.435679779267699 0.3727957269322383 0.49588933458582973
0 0.29180061707696275 0.47199864486194604 0.253884344496368 0.4136394745343681 0.20957161449800502 0.4424296979041863 0.24748788707859976 0.5007888682317642
0 0.5917097341145574 0.2690483209525287 0.46123993888808945 0.26197382427259436 0.45791839502194104 0.3232306412107212 0.5883881902484089 0.3303051378906555
0 0.402670222649807 0.2783443693602614 0.34828738221726674 0.24020808406394445 0.31463469442572 0.28819725595296775 0.3690175348582603 0.3263335412492847
0 0.27996567469024825 0.30869743853837006 0.2723353412731381 0.24677289404854771 0.14582875630308814 0.26236101715440446 0.1534590897201983 0.32428556164422684
1 0.41476219799441116 0.24064056081816004 0.3843454996692626 0.23935921039385102 0.38342289698735155 0.26125995426319104 0.41383959531250014 0.2625413046875001
0 0.4203265619234699 0.26425529690137056 0.3700840755513859 0.2573325835684517 0.36699793237791606 0.2797306663545812 0.41724041875000006 0.28665337968750004
