0 0.9784936312917534 0.43807039370060996 0.9109637000147913 0.4274774570886657 0.8909010497776633 0.5553767773035444 0.9584309810546253 0.5659697139154887
0 0.7623222673325157 0.4331111080623584 0.6533161097621611 0.33844786524841586 0.6139024415318745 0.38383330105036284 0.7229085991022292 0.4784965438643054
0 0.46569853843087855 0.34995819751657004 0.4154577923379959 0.3171872556223318 0.3448644975305145 0.42541300670781573 0.39510524362339716 0.45818394860205397
0 0.34171398094253747 0.4386786014249714 0.2823860984835932 0.41376089191351195 0.23055424090686988 0.5371700821734102 0.28988212336581415 0.5620877916848697
0 0.640873015625 0.4853670640625 0.5826719578125 0.4853670640625 0.5826719578125 0.6158234125 0.640873015625 0.6158234125
0 0.5683037296740989 0.4803748163385727 0.5383592896360653 0.4587095886874894 0.49304971335218645 0.5213338967276353 0.52299415339022 0.5429991243787186
0 0.598407292848633 0.4165547191944853 0.5285896994970394 0.4121911239054293 0.5261024661785981 0.45198689617445487 0.5959200595301918 0.4563504914635109
0 0.4190251128547189 0.6111749654219316 0.36439870095911353 0.582766210116367 0.293811930053854 0.7184955646895379 0.34843834194945933 0.7469043199951025
1 0.6413359785448715 0.33698743174519186 0.6204365078942307 0.33437499997115394 0.6184625574938367 0.3501666156102073 0.6393620281444774 0.3527790473842452
0 0.6203785374978283 0.3749697375692979 0.6156434883627984 0.3445865076911061 0.596650039552155 0.3475465258893894 0.601385088687185 0.37792975576758125
