0 0.7783013670434223 0.4138768659466847 0.6079696433758267 0.3166481523300245 0.5495493127323279 0.4189927709677943 0.7198810363999235 0.5162214845844545
0 0.5919062761417127 0.3327770730953114 0.4147450466206128 0.16372091507873743 0.3399658646226142 0.24208524076067278 0.5171270941437142 0.4111413987772468
0 0.44218830741875437 0.3016063985941816 0.21166852926896512 0.30096043961434693 0.21139068172512201 0.4001143428274685 0.44191045987491134 0.40076030180730315
0 0.5431985120088542 0.4118558809718138 0.5012972260241009 0.34392735015214565 0.33881967236448013 0.44415060479706525 0.38072095834923336 0.5120791356167335
0 0.6945125684337522 0.5034720922053287 0.5630349483665527 0.4758683246401486 0.5375260027127766 0.5973682415287633 0.6690036227799762 0.6249720090939433
0 0.6856272587515485 0.4591967108580531 0.5780116543796312 0.45331359595215287 0.5751306813868207 0.5060131700314454 0.682746285758738 0.5118962849373456
0 0.5888457421619631 0.4255824113062877 0.5744555724581571 0.39202191199000247 0.49014866850304184 0.4281712744796087 0.5045388382068478 0.46173177379589403
0 0.8815774338406437 0.556048413370546 0.7805313326418686 0.46537131821384625 0.728788679503803 0.5230307895086297 0.8298347807025779 0.6137078846653294
1 0.7382553780352417 0.6247381224871043 0.729216438581208 0.5217803206457132 0.6966618360439139 0.5246383758491261 0.7057007754979476 0.6275961776905171
0 0.7250703818018737 0.5987690020919734 0.722783445824671 0.5781452567305783 0.6887047571388376 0.5819241910534101 0.6909916931160403 0.6025479364148053
0 0.7177879115690606 0.5705977504373104 0.7109390897626818 0.5586951378802141 0.7004066831046517 0.5647555364731397 0.7072555049110305 0.576658149030236
