0 0.2891159976688965 0.5585495241129613 0.23374013626690743 0.5481665562325354 0.2138726719218173 0.6541264286555962 0.26924853332380644 0.6645093965360221
0 0.4674554751394998 0.6698969194811124 0.4109062417949431 0.6577792304386382 0.3809773887636497 0.797447255246773 0.4375266221082065 0.8095649442892473
0 0.6643108142198522 0.6426352426011898 0.5973427945830463 0.546488300574667 0.5479277943540279 0.5809067088561992 0.6148958139908338 0.677053650882722
0 0.37304664988143443 0.4859025481375096 0.3226376219861504 0.4697127875059053 0.2915490372684835 0.5665113362873202 0.34195806516376753 0.5827010969189244
0 0.8658234117187501 0.5538194445312501 0.800512565625 0.4885085984375001 0.7581018523437499 0.5309193117187502 0.8234126984375001 0.5962301578125001
0 0.6728738124949694 0.5092958217057273 0.5374139358285861 0.46897534327303525 0.5195293964955293 0.5290598855816072 0.6549892731619125 0.5693803640142994
1 0.5544623764968555 0.4685611212747315 0.5349740497947478 0.45340353952385415 0.5190864099565464 0.4738305126902282 0.538574736658654 0.48898809444110547
0 0.5311784491786524 0.4866289869300801 0.5244553885838263 0.4672854433447255 0.4998001071899676 0.47585465663607407 0.5065231677847937 0.4951982002214287
0 0.5235171985421734 0.5379357114120018 0.4592669310110157 0.5336332370749639 0.45691555040460513 0.5687471787733267 0.5211658179357628 0.5730496531103647
0 0.5280895169589576 0.5655444132311974 0.4926822328707857 0.5557090546037026 0.47471706779559525 0.6203836361415791 0.510124351883767 0.630218994769074
