0 0.7096387361811727 0.6904450374305423 0.6908986697522927 0.6440410714476313 0.6159029826979234 0.6743277964615222 0.6346430491268032 0.7207317624444332
0 0.3939038813711682 0.5867089644092558 0.3554406401798692 0.5842072907780537 0.35060580373199574 0.6585429187734945 0.3890690449232947 0.6610445924046966
0 0.48676856364053595 0.6958296485734372 0.2868730197212859 0.6904270718247444 0.28557283855750526 0.7385338240315282 0.4854683824767553 0.743936400780221
0 0.7003968250000001 0.7544642859375 0.47817460312500015 0.7544642859375 0.47817460312500015 0.8142361109375 0.7003968250000001 0.8142361109375
0 0.593488849587483 0.6214877072410656 0.4617708058581692 0.5169722949381805 0.43339516069022316 0.5527333792483826 0.5651132044195369 0.6572487915512678
0 0.8199867288361595 0.5352418543210714 0.7959203554088766 0.47246002005594595 0.6388360299888716 0.5326756872052354 0.6629024034161543 0.5954575214703608
0 0.6610168649042836 0.3164625382480299 0.6018489530486709 0.3115927515859759 0.5908757460169757 0.444917225835303 0.6500436578725883 0.4497870124973571
0 0.6987382982137273 0.2752556471493431 0.5617880491764164 0.22224264785867218 0.54388781245991 0.2684849263366562 0.6808380614972209 0.32149792562732704
0 0.5875177818974984 0.2781040978221009 0.5682062363622655 0.26489093542448383 0.5396750525216528 0.3065903590243526 0.5589865980568856 0.3198035214219696
1 0.5625574056685863 0.26377564672704545 0.5376297821416649 0.25910171302157586 0.5296109069109571 0.3018690082929051 0.5545385304378786 0.3065429419983746
