0 0.7403027448007692 0.8203821560469905 0.6776417838275559 0.7448095746364729 0.4457146796153178 0.937111795288828 0.508375640588531 1.0126843766993456
0 0.26149155177806777 0.14067882959321124 0.16678749642044352 -0.02742884218942001 0.08938084981932828 0.016178467738939127 0.1840849051769525 0.18428613952157039
0 0.4740341162147435 0.22103181566405422 0.45612999590913156 0.09643668486385096 0.3955541652515481 0.1051413344977512 0.4134582855571599 0.2297364652979545
0 0.9207182039782833 0.6807140171521012 0.7527469486876864 0.5288813561312328 0.6639953594164676 0.6270665276133628 0.8319666147070646 0.7788991886342312
0 0.34327372711095594 0.6159871587656649 0.2699094767424285 0.47146564942328073 0.19923724622527497 0.5073413833355211 0.2726014965938024 0.6518628926779053
1 0.48126010963642063 0.47574747785280175 0.4415217895268926 0.43412674431936943 0.36027723146300206 0.5116967912986394 0.40001555157253 0.5533175248320716
0 0.42463832004413044 0.44919690205541646 0.3420855314893171 0.4380813545652836 0.3338913913703956 0.4989374767874513 0.41644417992520893 0.5100530242775843
0 0.48105053067529974 0.6169699646349069 0.44615079141962954 0.5948099060112927 0.3626805713601896 0.7262666392793002 0.39758031061585974 0.7484266979029145
0 0.4747393143991186 0.5549795368080572 0.4575627311786601 0.5331214826068812 0.39068965002287415 0.5856719536190276 0.40786623324333265 0.6075300078202036
0 0.8525284632746581 0.3018923316712111 0.7780016159374792 0.27205655860239564 0.6867600412115833 0.49996910153254764 0.7612868885487624 0.529804874601363
