0 0.3503031421111548 0.6933653982798519 0.2378004013683018 0.5830685915862601 0.18844681411684264 0.6334092496499653 0.30094955485969566 0.7437060563435571
0 0.2938965099995249 0.5632108312860523 0.18099950828364017 0.4871874449498133 0.14406019778588322 0.5420434254793328 0.256957199501768 0.6180668118155719
0 0.3601044684748588 0.5164974420019732 0.3403524020396017 0.4748694331782751 0.26919795167184535 0.5086314955622927 0.2889500181071024 0.5502595043859908
0 0.5036296371483157 0.6418639589177617 0.40771066896567454 0.6283101924599104 0.4003577011528191 0.680346583073732 0.49627666933546016 0.6939003495315834
0 0.4647488887377332 0.5852354143027824 0.42634316141912026 0.47121841014422394 0.3651474833718445 0.4918316909570832 0.4035532106904574 0.6058486951156417
0 0.5937060207873209 0.5454819905954247 0.47101293548626727 0.4803443700337042 0.44140433131207957 0.5361150746781356 0.5640974166131332 0.601252695239856
0 0.8125301684952306 0.5102625823346061 0.7704223435626225 0.46946245414573495 0.6880065562210882 0.5545197737942301 0.7301143811536964 0.5953199019831013
0 0.6926760915199741 0.38349337158909214 0.6357996136369991 0.36099278786240363 0.6021261188758056 0.4461119031392132 0.6590025967587807 0.4686124868659016
1 0.7572751328125 0.3906250000000001 0.7166005296875 0.3906250000000001 0.7166005296875 0.42733134843750004 0.7572751328125 0.42733134843750015
0 0.758982659609494 0.4239614247660839 0.7069747455972746 0.4089229885883066 0.6958306741978183 0.44746289395063493 0.7478385882100377 0.4625013301284122
