0 0.5083016335456649 0.07591744038517598 0.5080271727545485 0.04302094535742737 0.3759103833133219 0.04412321715018854 0.3761848441044383 0.07701971217793716
0 0.6094392080032665 0.29115988412540983 0.5943513635618007 0.2589498093210049 0.4723616910287186 0.3160922162797359 0.48744953547018427 0.3483022910841408
0 0.6803003302292652 0.5107894484313104 0.6738824226326082 0.412771190605398 0.6274069857123715 0.4158142467286571 0.6338248933090285 0.5138325045545694
0 0.7506509568153146 0.30928031722074384 0.743720087610936 0.22791273671647957 0.6937771386702163 0.23216686403160783 0.7007080078745949 0.3135344445358721
0 0.5536993572984721 0.4537349877983523 0.41083655499875354 0.44617314536991814 0.4085799455741859 0.488806346093257 0.5514427478739045 0.4963681885216912
0 0.6176617676114946 0.4189447661494494 0.6053826851446938 0.39006585895808776 0.5465128399804471 0.4150968505669326 0.5587919224472478 0.4439757577582942
0 0.46672121547770884 0.32998167635410114 0.4202869136197004 0.2922589074418993 0.4028868091414514 0.3136773167210377 0.44932111099945987 0.35140008563323955
0 0.3684920720540868 0.3360211076182492 0.219682360556929 0.3329251894884028 0.21887335098393712 0.37181138612091436 0.3676830624810949 0.3749073042507608
1 0.37694471250000006 0.3351283984375001 0.34123930047482887 0.33113081069379147 0.33894340107825366 0.35163718583266734 0.37464881310342485 0.3556347735763759
0 0.3890833582855037 0.33246526901294526 0.38880500815715 0.3187375946931609 0.3392229560220422 0.3197429485684315 0.339501306150396 0.33347062288821594
