0 0.23747018916982796 0.28334437795125417 0.17728044393014258 0.23605063389201209 0.04955200265003794 0.39860791273382634 0.10974174788972328 0.44590165679306837
0 0.5226457072708239 0.4623596429746161 0.4987783872836893 0.4117788771864902 0.37629399155205434 0.46957504181166154 0.40016131153918905 0.5201558075997875
0 0.5328200379904715 0.4088542689018846 0.5132469714405556 0.3332727818425901 0.2807059927852849 0.39349308482804757 0.30027905933520066 0.4690745718873421
0 0.5460030130317151 0.292085326265514 0.43586884578999 0.2445223371301648 0.4118759611713608 0.30007890359574113 0.5220101284130859 0.34764189273109036
0 0.280092810976589 0.40472147880631154 0.2222087181053281 0.38819252779837116 0.20817184770015912 0.43734939865873795 0.26605594057142 0.4538783496666784
0 0.4422533687077104 0.21001476827651921 0.39425260556798136 0.15703031569205844 0.22061720901751586 0.3143336591437222 0.2686179721572449 0.36731811172818296
0 0.7280238252361044 0.560063557900113 0.544385534138368 0.5092320053645476 0.5232023613844703 0.585760095704345 0.7068406524822068 0.6365916482399103
0 0.5769651699365858 0.5704537683159809 0.43626018008347833 0.5306575081879543 0.41822807737758294 0.5944124143047821 0.5589330672306904 0.6342086744328087
1 0.626253037356969 0.6249799728888759 0.5958868942842716 0.6198261932336552 0.5876451001457641 0.6683869615878308 0.6180112432184616 0.6735407412430515
0 0.6209603958868406 0.6233181644643279 0.6072761987320632 0.6064586832975025 0.5628969212742583 0.6424796483740646 0.5765811184290356 0.6593391295408899
