0 0.29764469248374503 0.18924872735863563 0.10130785653374116 -0.03151810649151783 0.03511579392767938 0.027349160436356833 0.23145262987768325 0.24811599428651027
0 0.8976583398608321 0.47319303828877324 0.8817663688051924 0.26204499279997423 0.7881821394607889 0.26908857144434534 0.8040741105164285 0.4802366169331444
0 0.9666955514411502 0.1291397540709797 0.8908260508479454 0.0454976645634698 0.683763268350507 0.2333187722380873 0.7596327689437117 0.3169608617455972
0 0.16583448411247795 0.5045277205228451 0.12722222346111606 0.45392330848198414 0.07402537066893791 0.4945136574852517 0.11263763132029977 0.5451180695261129
0 0.7667693063155049 0.7152507342476901 0.7502684488049371 0.6455035595411103 0.5721027473803739 0.6876541823418891 0.5886036048909415 0.757401357048469
0 0.7147048522989333 0.6504099233867378 0.6990144461696017 0.6255081490639501 0.6466619422127067 0.6584950374006351 0.6623523483420384 0.6833968117234226
0 0.5200336660290333 0.8037591641661986 0.5136987140913033 0.6884576689911286 0.44553046755402076 0.6922030026039956 0.45186541949175085 0.8075044977790657
0 0.3008322718325803 0.6815386495587618 0.28309718707638704 0.60805671205282 0.10823793313258992 0.6502595144605164 0.12597301788878318 0.7237414519664582
1 0.1989050587869987 0.5618492389276357 0.16661295017000036 0.5425789443691978 0.11305054170613311 0.6323359071731669 0.14534265032313148 0.6516062017316047
0 0.16114548783349741 0.5903603665095083 0.1356515018999513 0.5678808299463102 0.1052651846220031 0.6023418760216334 0.13075917055554923 0.6248214125848315
