0 0.9996693125 0.5319940468750002 0.8789682546875 0.5319940468750002 0.8789682546875 0.7767857140625002 0.9996693125 0.7767857140625002
0 0.5684497830070051 0.3879129101264834 0.3605354130107067 0.3134422608743489 0.33018175584663184 0.3981865402613233 0.5380961258429302 0.4726571895134578
0 0.2729983716511072 0.5145820480678994 0.14749478246151965 0.4556865084516336 0.12163122486437397 0.5108005175735898 0.24713481405396154 0.5696960571898556
1 0.14010288850420913 0.534137752532879 0.11254420378428867 0.4488780747325323 0.07953694564379048 0.45954708784671655 0.10709563036371095 0.5448067656470632
0 0.1380783963616899 0.5522017478891976 0.06870554829868465 0.5069585898267845 0.04918663416793136 0.5368875939533229 0.1185594822309366 0.5821307520157359
0 0.36206274656005366 0.5863034533959881 0.2836881137429036 0.5745472695830209 0.27687708246407033 0.6199541876847847 0.35525171528122046 0.6317103714977519
0 0.4337965265557302 0.7597933317625374 0.3808825152407883 0.5976374941049709 0.3138386294810684 0.6195149730840446 0.36675264079601033 0.781670810741611
0 0.6863523531146428 0.8821450651963352 0.668876099163797 0.7997367059628345 0.4344916189224056 0.8494423758358295 0.4519678728732514 0.93185073506933
0 0.12031429414595216 0.48616605984016514 0.07923049466731014 0.472867881565037 0.07219187964891494 0.4946131944974071 0.11327567912755696 0.5079113727725353
0 0.8322510143115196 0.5495028874193677 0.8297957981465878 0.4545677541001919 0.5527000979219673 0.4617340140361977 0.555155314086899 0.5566691473553734
