0 0.592702108819595 0.6407014288549074 0.5148747495929928 0.6388862729173289 0.5098275815665516 0.8552906880635502 0.5876549407931536 0.8571058440011287
0 0.7979936442705469 0.6210165700076082 0.5557992447494589 0.5183439766480411 0.522027383774686 0.5980084257659287 0.7642217832957741 0.7006810191254959
0 0.7840617779351255 0.4800989955825553 0.557629335281925 0.42974037330343184 0.5397072436565612 0.5103252423987874 0.7661396863097616 0.5606838646779108
0 0.17811287387883667 0.36129569709483206 0.12458322412953553 0.29493460034938274 0.01612694016053362 0.38241999734697735 0.06965658990983477 0.4487810940924267
0 0.4808534001543773 0.3846849820471777 0.46642193428479334 0.31107414344155526 0.28199917703118865 0.34723037773117094 0.29643064290077265 0.42084121633679333
0 0.5216107322125103 0.4007240113021335 0.3027924925587308 0.3786882019493524 0.29556534181008554 0.4504546789238625 0.514383581463865 0.4724904882766435
0 0.5208860094129177 0.5365649491211959 0.516926809136195 0.45445977908847446 0.46893996503080926 0.4567737567147966 0.47289916530753195 0.538878926747518
0 0.5568800781812488 0.4542240983380964 0.5489193915646207 0.4083350170350247 0.508610823602794 0.4153276145854071 0.5165715102194222 0.4612166958884788
0 0.516167053347672 0.32241657118418915 0.47829101837658206 0.3194592970200237 0.474996450704804 0.36165530368824633 0.5128724856758939 0.3646125778524118
1 0.4984375 0.2875000000000001 0.4484375 0.2875000000000001 0.4484375 0.3234375000000001 0.4984375 0.3234375000000001
