0 0.658834141111283 0.2100223520701788 0.6346311698159156 0.12842338511918755 0.3598249091839767 0.2099333390608445 0.3840278804793441 0.2915323060118357
0 0.8874946382906319 0.2820086287357461 0.8785689474247013 0.20576896346225987 0.5918480908928971 0.23933655221068234 0.6007737817588279 0.31557621748416864
1 0.8221650524719261 0.2654379949605586 0.8180204742546611 0.21740237201701698 0.7392685595998915 0.22419719323604634 0.7434131378171565 0.27223281617958794
0 0.8245229087862065 0.2145499487466373 0.8124997300636357 0.17223969351023832 0.7198653278726319 0.1985633346033507 0.7318885065952028 0.24087358983974969
0 0.7899583878570706 0.35979195372657236 0.5170512255901959 0.35219006005454745 0.514962359886629 0.42718011333757266 0.7878695221535037 0.43478200700959746
0 0.6629877437052957 0.4607023529775443 0.6045853578169457 0.3939581793032567 0.4647268971477113 0.516336918002091 0.5231292830360614 0.5830810916763787
0 0.4874259370274744 0.3965481820835451 0.3898063373891692 0.39005025275746547 0.3861887415206356 0.44439806767168244 0.4838083411589407 0.45089599699776206
0 0.19871167910980375 0.47936483477372194 0.06239378636275852 0.4713107653925269 0.05985780327786221 0.5142331508120486 0.19617569602490742 0.5222872201932436
0 0.42113595191566755 0.2928325634575125 0.15979522649259584 0.25925424575162126 0.1483152855305557 0.3486028583030842 0.40965601095362747 0.3821811760089755
0 0.36021396659652866 0.4900155197665894 0.20368588905798007 0.3445388965305408 0.13141521485071037 0.42229977277608954 0.28794329238925903 0.5677763960121383
