0 0.48372978291914404 0.46207327059068765 0.39947567158815916 0.4300371126584436 0.38728015614337014 0.4621109436776686 0.47153426747435495 0.49414710160991254
0 0.4093171309453122 0.4511656696376952 0.38563161141406227 0.3801091250332032 0.2554232810234377 0.42351191037499997 0.2791088005546876 0.494568454979492
0 0.2586895562200394 0.4806388875107056 0.21924460754907743 0.4108516750426097 0.08555979086742287 0.48641266316067694 0.12500473953838487 0.5561998756287728
0 0.48302575399475717 0.5571469047769746 0.4754138607853795 0.47595328130032516 0.2811832573743675 0.4941623788605887 0.2887951505837452 0.5753560023372382
0 0.26279472549740673 0.5832192275790604 0.23373137009627093 0.5278417540013073 0.17600158393889204 0.5581396564501744 0.2050649393400279 0.6135171300279275
0 0.507569550066022 0.5743920150186557 0.4544014376448338 0.5087894198563433 0.33472611726918794 0.6057811756250151 0.3878942296903762 0.6713837707873275
0 0.6247152015749176 0.7626987801778788 0.4254080289675426 0.6746246593823992 0.38978593015536644 0.7552356235620128 0.5890931027627413 0.8433097443574924
0 0.7597595457935251 0.6028949961742387 0.5480009440085579 0.5517560128834951 0.528120790969632 0.634076644618779 0.7398793927545991 0.6852156279095226
1 0.7077585900065854 0.6533546233670627 0.6828205049931312 0.6363542243432946 0.6217929561763911 0.7258762525278583 0.6467310411898453 0.7428766515516262
0 0.6788017201626683 0.6488495687721889 0.6533322431706179 0.6346775752242128 0.6262676262170453 0.6833172839895407 0.6517371032090957 0.6974892775375169
