0 0.6653312271126921 0.7850995646055033 0.6621524131865598 0.711633631037883 0.5028171371795146 0.718527944765335 0.5059959511056469 0.7919938783329554
0 0.7911521823887742 0.4394569909398568 0.7472061582267782 0.4310863200475853 0.7341443512464404 0.4996608097802106 0.7780903754084364 0.5080314806724819
0 0.5601737807128783 0.3351806309467913 0.5552864464985141 0.2765325741890629 0.4259555755624633 0.28731013827972635 0.43084290977682754 0.34595819503745473
0 0.6209997681671251 0.3257801422671166 0.5661672013725532 0.31476466853294943 0.5598976497576643 0.34597309551408867 0.6147302165522363 0.35698856924825584
0 0.6689278080712905 0.2706970039976663 0.6271194649654752 0.2658071395501341 0.6197172836202582 0.32909579319951654 0.6615256267260736 0.33398565764704874
0 0.6459545679387864 0.4620094553607168 0.5217920377993069 0.4399252099529652 0.5120889054779423 0.4944783738512398 0.6362514356174217 0.5165626192589914
0 0.510098697246956 0.48464209199192065 0.4911604574529897 0.45623473574263207 0.4430835371099084 0.48828601985448905 0.4620217769038747 0.5166933761037777
0 0.3894241271204452 0.49921795538531927 0.3819069814837099 0.44566723713175993 0.2681461723524881 0.4616363333060285 0.2756633179892235 0.5151870515595879
1 0.40700610618956806 0.46005612347731795 0.3991233522331431 0.4363946761636767 0.37368602885607505 0.44486905893635875 0.3815687828125 0.4685305062499999
0 0.4332506044307186 0.47087551994091603 0.41398160714527954 0.443656519351213 0.37635707281627234 0.47029184886899883 0.39562607010171147 0.4975108494587019
