0 0.7288962830066218 0.6792529427527583 0.7242431578863762 0.6337557056022256 0.6432600108636161 0.6420380704078377 0.6479131359838617 0.6875353075583702
0 0.4482079476902575 0.5757065113841965 0.40562491393655026 0.569254536942551 0.39524750598093694 0.6377454333722596 0.43783053973464414 0.6441974078139052
0 0.509733129951045 0.6501811168103522 0.3290946702152104 0.6493499590845078 0.32880866811125625 0.7115078118398344 0.5094471278470909 0.7123389695656788
0 0.6982293101322357 0.7090956030298999 0.4983048827033083 0.7020807095310414 0.49607815260990834 0.7655425053564802 0.6960025800388357 0.7725573988553387
0 0.6964775579736169 0.5273818113364305 0.5377788987597454 0.5109210467460554 0.5325757464804671 0.5610847730950657 0.6912744056943386 0.5775455376854407
0 0.6289859241348621 0.5849001592924987 0.4783868987083297 0.5355941329190411 0.4580937909401805 0.5975768656099893 0.6086928163667129 0.646882891983447
0 0.7936212108642409 0.49558215156394614 0.7592194420259857 0.39910762606247696 0.711565248644602 0.41610059427204743 0.745967017482857 0.5125751197735167
0 0.631720885628994 0.4447179193506633 0.6035944749246877 0.35431161233859454 0.5560672197520653 0.3690978716474178 0.5841936304563716 0.45950417865948656
1 0.6904618483288882 0.3710089984890041 0.6870756899818999 0.34735963550935955 0.6452608663346442 0.35334675720235686 0.6486470246816325 0.37699612018200146
0 0.703006606342431 0.39204039518408995 0.7023594985968267 0.3682591641300193 0.6437699023651847 0.3698534374225634 0.6444170101107891 0.3936346684766341
