0 0.8382234616421993 0.8092202521616301 0.6197546124509195 0.767471752090606 0.6050161152521463 0.8445979366564484 0.8234849644434259 0.8863464367274725
0 0.6393286134017533 0.718088652039498 0.4463071185002948 0.6869850554494462 0.43469419660197894 0.75905207633229 0.6277156915034374 0.7901556729223418
0 0.7600797684855466 0.6765622162686729 0.6032327874465704 0.6076379099370472 0.5725469359346314 0.6774678933844039 0.7293939169736074 0.7463921997160294
0 0.5551355487995994 0.63570838798871 0.5141494253572844 0.6299077449703965 0.5042361702473341 0.6999527203927434 0.5452222936896491 0.7057533634110569
0 0.8397573299151485 0.7466964700621858 0.7670089783994938 0.738760287510427 0.7618606851084614 0.7859529834444078 0.834609036624116 0.7938891659961664
0 0.8047492209551509 0.6398265916138893 0.6741773545266464 0.5908621468444679 0.6559940564188872 0.639350946889817 0.7865659228473917 0.6883153916592384
0 0.9178224070771002 0.6205089472564113 0.8769208814687985 0.534232289930646 0.8194217776869672 0.5614911237645414 0.8603233032952688 0.6477677810903065
0 0.789616405029166 0.49690807552500055 0.7232473631104173 0.463723544112501 0.6947089967583342 0.5208002588375 0.7610780386770829 0.5539847902499996
1 0.83734556875 0.49719791718749995 0.8368445954475445 0.4735452726866544 0.7949474391975446 0.47443267268665446 0.7954484125000001 0.49808531718750004
0 0.8599119469635476 0.5125312866279457 0.8519028564446541 0.4831480777039513 0.7904535422936065 0.49989754576350565 0.7984626328125 0.5292807546875
