0 0.5169110814095526 0.6792443652750444 0.4357796082073301 0.6629609358513509 0.4266738948004206 0.708329753686791 0.5078053680026431 0.7246131831104845
0 0.39945312732467675 0.5589447082875856 0.38461135678885894 0.5218929162624318 0.31842523620117097 0.5484049730544908 0.3332670067369888 0.5854567650796445
0 0.3352049857574154 0.6111756005714957 0.2533272690543603 0.5279201352048518 0.21422609492013941 0.5663742456277483 0.29610381162319455 0.6496297109943922
0 0.41180535306913935 0.7176120599538394 0.27946388606495154 0.6261525102036265 0.2357405891097893 0.6894198811573353 0.36808205611397715 0.7808794309075482
0 0.4835471695910726 0.627363641830886 0.46529803196192604 0.5239518427707897 0.4075247579826783 0.53414712452506 0.42577389561182477 0.6375589235851564
0 0.59813802769317 0.5956144914490535 0.5006522794364011 0.5291469377228271 0.47011379580359325 0.5739367150002281 0.5675995440603622 0.6404042687264546
0 0.8045257275054963 0.5725886221829042 0.7699468602137124 0.5317526264943964 0.6852236637527127 0.6034940428004305 0.7198025310444968 0.6443300384889382
0 0.7093157329848035 0.4616444497870017 0.6756037407018429 0.43088964686793557 0.6137727782050862 0.49866588773750264 0.6474847704880469 0.5294206906565687
1 0.7571402109375 0.45964707343750016 0.712632275 0.4596470734375001 0.712632275 0.49210515937500005 0.7571402109375 0.49210515937500016
0 0.7547354499999999 0.49345758906250003 0.70663955 0.47903174531250003 0.6973851126967461 0.5098861271294087 0.745481012696746 0.5243119708794087
