0 0.5295047613302802 0.6216202884587313 0.2618841523232006 0.5643406440613268 0.23800976843704516 0.6758859796250938 0.5056303774441246 0.7331656240224984
0 0.5182922007825755 0.5254727577639607 0.47151809156171415 0.48420047296521335 0.4303091091137551 0.5309028412809094 0.47708321833461653 0.5721751260796567
0 0.6885543252786533 0.5163394418555992 0.5689873835895233 0.4878331279105864 0.5530141586098825 0.5548312555328427 0.6725811002990125 0.5833375694778555
0 0.5820168697609933 0.4209962064777031 0.5519447006932884 0.34185439984632404 0.38896715081019495 0.40378233203458747 0.4190393198778999 0.4829241386659665
0 0.6894219998090837 0.28985098004551857 0.5246115840525647 0.27996849556014825 0.5205591975419137 0.3475502364285722 0.6853696132984327 0.3574327209139425
0 0.8328825490687992 0.49940542087785394 0.8322239707162586 0.41996738688274726 0.5955948225721612 0.4219291528871455 0.5962534009247018 0.5013671868822522
0 0.8024488953025255 0.7359509457188016 0.47011848904643905 0.688784105175258 0.45449301550271165 0.7988788223725387 0.786823421758798 0.8460456629160824
0 1.017189730810525 0.5886291949785972 0.8417433225514912 0.5562221897518622 0.8214892029738184 0.6658747944121693 0.9969356112328522 0.6982817996389044
0 0.4273806205013753 0.4434171642969712 0.4233691245461565 0.4179867585941219 0.3460830717082655 0.4301781759067952 0.3500945676634843 0.4556085816096445
1 0.40696161209717036 0.42222308387347507 0.3990325064774708 0.3919561907700032 0.34486684591688677 0.4061461256958447 0.35279595153658627 0.43641301879931654
