0 0.773314281910477 0.7722881139768509 0.7580824712316458 0.7128598158765026 0.623859131808228 0.7472620208887647 0.6390909424870592 0.806690318989113
0 0.44637520693889465 0.44714822879624194 0.4131841275274022 0.3918475273620051 0.26693865098880953 0.4796230003573408 0.30012973040030194 0.5349237017915776
0 0.8478574059151661 0.33929090400873213 0.815286247761672 0.28821417508595387 0.6490578121647523 0.3942165127380159 0.6816289703182464 0.44529324166079415
0 0.5500126343703997 0.3321984994144865 0.5261448970061313 0.2798050068730616 0.3613804796146042 0.3548630656227892 0.3852482169788726 0.4072565581642141
0 0.7655513501054456 0.5781710563008436 0.7534032894120299 0.5255791106142722 0.5865355278618931 0.5641234099099546 0.5986835885553089 0.6167153555965261
0 0.6159021058575196 0.6510694338761189 0.4511197679903464 0.6114457397822306 0.4361613723617003 0.6736529483425905 0.6009437102288735 0.7132766424364788
0 0.5138869474179529 0.5495184705979475 0.45914896749061745 0.5247238042654042 0.44030269477287387 0.5663298046807008 0.4950406747002095 0.5911244710132441
0 0.6174752459387965 0.5113401933687373 0.5846631532266351 0.4785129603367956 0.5248031766577842 0.5383453287552307 0.5576152693699458 0.5711725617871724
0 0.4616658611469141 0.6201116313614332 0.4105174873121742 0.6109541361149864 0.40488590651051687 0.6424088289509424 0.4560342803452569 0.6515663241973892
1 0.468413043821103 0.6561295179569924 0.45272382135575634 0.6237762046895176 0.4096749941549441 0.644652045789378 0.4253642166202908 0.6770053590568528
