0 0.8001527034727829 0.7545827816533106 0.6766810880669603 0.7520112985872685 0.6724191516659818 0.9566512509691518 0.7958907670718045 0.9592227340351942
0 0.8105164853914865 0.7369166501558352 0.7781934224737197 0.5640992875914921 0.6549121423289772 0.5871573213189639 0.6872352052467441 0.759974683883307
0 0.7806408569251969 0.5237345920125998 0.7681124305439214 0.40450415109579707 0.6685801045776069 0.4149627505007613 0.6811085309588825 0.534193191417564
0 0.6136530132988156 0.36504186342361333 0.5340533252893289 0.34372617571862685 0.4993767376583814 0.47321979538783115 0.5789764256678681 0.4945354830928176
0 0.6526697849809742 0.5316774274236125 0.5163379609919236 0.48292367774709694 0.46070834878782907 0.6384827178190646 0.5970401727768796 0.6872364674955801
0 0.6722502641947858 0.5132143635667527 0.6278419358017207 0.475388641476919 0.5721698497272578 0.5407490402777715 0.616578178120323 0.5785747623676052
0 0.6459151880241671 0.6586453692142148 0.6195171804417414 0.5972206939974127 0.5636027615853635 0.6212506013225692 0.5900007691677893 0.6826752765393713
1 0.6869533223800486 0.3983998652539298 0.6352807116518873 0.37982548237307295 0.621743264510142 0.4174856964913792 0.6734158752383032 0.43606007937223595
0 0.6974695869312405 0.4356503085029734 0.6164820710890013 0.414140133652118 0.6093757514130497 0.44089599134861024 0.6903632672552888 0.46240616619946556
0 0.6196154228377736 0.9105833078920422 0.5632391969632377 0.6844102392380098 0.4537163126402703 0.711710071626397 0.5100925385148063 0.9378831402804296
