0 0.5964772177015032 0.31425288648826116 0.5953013546888088 0.18990038247061558 0.5359390849603848 0.19046170528332979 0.5371149479730791 0.3148142093009753
0 0.8006497077494064 0.31263452768059813 0.7415954932210674 0.20548334957015718 0.6882707699110658 0.2348721972295588 0.7473249844394049 0.34202337533999977
0 0.6224400021421901 0.09689061258907218 0.5330124763977151 0.07137458721692215 0.5167951871878279 0.12821228145693891 0.606222712932303 0.15372830682908895
0 0.8225344141206101 0.18200535184218541 0.7310345585255271 0.036341549125537886 0.6556418810624136 0.08370004843796286 0.7471417366574964 0.2293638511546104
0 0.30618434974341946 0.1865577876652217 0.2609091704820408 0.12914240829448925 0.15747638999135596 0.21070483511363025 0.20275156925273455 0.26812021448436274
0 0.5445013207306211 0.2727509725881915 0.44159967085614954 0.16716944940891534 0.39942522332479485 0.20827342388134049 0.5023268731992665 0.3138549470606166
0 0.6906111509329469 0.30803602634570143 0.6783748675003941 0.266978472375129 0.6024565157591791 0.2896042349888387 0.6146927991917319 0.3306617889594111
0 0.3679750729341825 0.31871959868052285 0.33368960403098835 0.2754773228118305 0.2471511276140769 0.3440910158360211 0.2814365965172711 0.3873332917047134
1 0.24261334673413834 0.3268417373459673 0.22203786374572038 0.29313920262132853 0.19183154485730303 0.31158023696813086 0.21240702784572102 0.3452827716927696
0 0.2678592316746032 0.3033719012845052 0.22876293197125347 0.27339023739714485 0.20739329374999996 0.3012563953125 0.24648959345334967 0.3312380591998603
