0 0.2844566897822184 0.3731887792982406 0.2683624222242641 0.10393478017597313 0.11536925527733685 0.11307972499168403 0.1314635228352911 0.38233372411395156
0 0.6254946698180849 0.6059202629161755 0.5491928166132831 0.36498648209037465 0.40687446518147385 0.41005759632798605 0.4831763183862755 0.6509913771537869
0 0.5413227575434902 0.38053129652850903 0.48501337747674755 0.15490981732971315 0.3317136752694573 0.19316952215197833 0.3880230553361999 0.4187910013507742
0 0.4253051427956412 0.5638038002625662 0.40575286862288423 0.461442324168417 0.31532577742472895 0.47871498715859334 0.3348780515974858 0.5810764632527425
0 0.4867944947559765 0.728049905733903 0.479610481305635 0.5908154513233561 0.3807452814994162 0.5959908930754239 0.3879292949497578 0.7332253474859708
0 0.4354365365381832 0.9997397153580035 0.4196165294185075 0.7112923229795325 0.23521687512336903 0.7214057922668096 0.2510368822430447 1.0098531846452805
0 0.7738879592361925 0.7865848984733346 0.6198935619059773 0.6054901777133858 0.49321373649927747 0.7132127180808685 0.6472081338294926 0.8943074388408174
1 0.6289721133902938 0.8057107666402883 0.4225128737557708 0.8017505508032855 0.4217939359459038 0.8392311729912896 0.6282531755804268 0.8431913888282925
0 0.5920354255730722 0.786344040930856 0.5097892536497262 0.7710061564527451 0.5022976631726015 0.8111782309810298 0.5845438350959475 0.8265161154591407
0 0.35190431668315697 0.6642483603963012 0.3436952155737688 0.34516863763087774 0.15036442935124003 0.3501425418260528 0.15857353046062822 0.6692222645914764
