0 1.0111115590314161 0.5473876021669236 0.8677107288053534 0.49485325994365964 0.844468213042022 0.5582973979294229 0.9878690432680848 0.6108317401526868
0 0.7844460806756721 0.784100903482938 0.7050025902777345 0.6053530523043333 0.617373725189324 0.6442992150488429 0.6968172155872617 0.8230470662274477
0 0.9099381258693489 0.5108368102450977 0.7897966578193877 0.45889329394904343 0.7618084858265507 0.5236278423783276 0.8819499538765119 0.575571358674382
0 0.32671957656250006 0.5768849203124999 0.2582671953125001 0.5768849203124999 0.2582671953125001 0.631200396875 0.32671957656250006 0.631200396875
0 0.61904761875 0.45510912656249997 0.5479497359375001 0.45510912656249997 0.5479497359375001 0.481894840625 0.61904761875 0.481894840625
0 0.5956995227730904 0.42329760770218955 0.4599063352256129 0.4217161648860143 0.4592834974598552 0.4751971536844219 0.5950766850073326 0.4767785965005971
0 0.42792680472103395 0.43891480050769777 0.34882910213675855 0.4285977032142984 0.3414868143475619 0.4848885454272132 0.4205845169318373 0.4952056427206125
0 0.3417721926985883 0.5001448061549224 0.3199837909103111 0.4385210399500338 0.15387382743481823 0.49725277363224035 0.17566222922309538 0.558876539837129
1 0.2928421436312473 0.4912117328838009 0.251491667416451 0.49010484196762477 0.2506541534727038 0.5213921168963239 0.2920046296875 0.5224990078125
0 0.29060846502083326 0.5484126995416667 0.27819940646874997 0.5111855173706599 0.23995535833333337 0.5239335311848958 0.25236441688541666 0.5611607133559027
