0 0.8173298304113732 0.575506769977279 0.7654344778551114 0.4775791721734189 0.7056986611792204 0.5092353277021251 0.7575940137354824 0.6071629255059852
0 0.7013799021914184 0.6102497959693391 0.660266360974852 0.5780266395772758 0.6166640623203601 0.6336588340481452 0.6577776035369265 0.6658819904402085
0 0.7125003313555222 0.5029269523622472 0.6741559793480999 0.41757704041223204 0.6190984958556124 0.44231219806435906 0.6574428478630345 0.5276621100143741
0 0.39483370240983734 0.7507833511396408 0.39395744969856417 0.6757081537819959 0.2160324296930948 0.6777848353848481 0.21690868240436795 0.752860032742493
0 0.35784157694914687 0.5521122696532172 0.1964680259957011 0.5431693848134738 0.19262331306631633 0.612546883118511 0.35399686401976205 0.6214897679582545
0 0.633483161577918 0.5377448437273772 0.5003998327448553 0.49691502366193774 0.47816416614685264 0.5693913785648377 0.6112474949799154 0.610221198630277
0 0.5191365076456745 0.635347055038041 0.49981798114687087 0.5335067901058962 0.43971928560922535 0.544907175239037 0.459037812108029 0.6467474401711818
0 0.6042708451294151 0.5093098922980716 0.6015030623847454 0.47267219949361794 0.5199242806540615 0.4788350423781436 0.5226920633987311 0.5154727351825972
1 0.24395269266181518 0.6730381677837548 0.2093731245664327 0.5915212593833036 0.18189808909587174 0.6031762016354076 0.21647765719125425 0.6846931100358589
0 0.25367110896230244 0.6146490725634718 0.22190016189108816 0.6008475501434957 0.20347130779819428 0.6432705619063874 0.23524225486940856 0.6570720843263635
