0 0.8473244260371912 0.35421941857895006 0.8367137372437794 0.29422340550879317 0.6725306949234373 0.3232602544270633 0.6831413837168492 0.3832562674972202
0 0.654927920494359 0.353748912169502 0.6502857095226549 0.31601051524508683 0.5819695285088462 0.32441410816087524 0.5866117394805503 0.3621525050852904
0 0.8756485509368325 0.29789648296364823 0.8673681557776559 0.2570194808940187 0.7801300056284679 0.2746911867339038 0.7884104007876447 0.31556818880353327
0 0.5710623348646374 0.324517460877327 0.4399305929548218 0.3055418758968175 0.4306937492720152 0.3693735523968684 0.5618254911818308 0.3883491373773779
0 0.46489212028643456 0.5690717945562647 0.45157205101798337 0.5082917238063172 0.34369375009254083 0.5319334606973681 0.3570138193609921 0.5927135314473155
0 0.3488250756683892 0.3425988505798067 0.28229491047500616 0.30609082555061634 0.23582342260024608 0.39077784333966514 0.30235358779362914 0.42728586836885557
0 0.6631918209189066 0.5493462053857664 0.6539359630211175 0.48808644552384245 0.5070284551750508 0.5102829905283667 0.51628431307284 0.5715427503902906
0 0.3049463449946499 0.5449456884322248 0.16256099374514635 0.5298982336136987 0.15528276774814623 0.5987678715394592 0.2976681189976498 0.6138153263579853
1 0.46542347399136974 0.5992147432436344 0.46100419258541037 0.5738559186739245 0.4276059828124999 0.5796762234374999 0.4320252642184593 0.6050350480072099
0 0.4702039508951647 0.5714375336527463 0.4617459896227361 0.5561863255403627 0.42676357915539376 0.5755867475114415 0.43522154042782235 0.5908379556238251
