0 1.0131672859349614 0.6509430273507378 0.87389733187873 0.577931363895505 0.8433964695906523 0.6361118447736128 0.9826664236468836 0.7091235082288456
0 0.7671374710536764 0.8495109873632465 0.701280977582156 0.6604105880319424 0.612686566466656 0.6912646596144093 0.6785430599381762 0.8803650589457133
0 0.9157360058346627 0.6005316469588811 0.7984345077956763 0.5307627922493315 0.7634592188859132 0.5895663056585896 0.8807607169248994 0.6593351603681391
0 0.33481095227068935 0.6047911342039187 0.26694416931708975 0.5672308170854184 0.243619246839627 0.6093760270471257 0.3114860297932266 0.646936344165626
0 0.6285258434521516 0.5017447965930458 0.5571338809094193 0.4924827253798725 0.5537612043320952 0.5184792864443797 0.6251531668748275 0.5277413576575529
0 0.6075940181061157 0.4667017599584665 0.4723394726728552 0.44859241692129875 0.46553470646118 0.4994156609700056 0.6007892518944404 0.5175250040071735
0 0.44115416633301086 0.45883619993534364 0.3612098018294147 0.43661410773568365 0.3462587642143815 0.49040072647815647 0.4262031287179777 0.5126228186778164
0 0.3476220074907708 0.506374054111751 0.33458268254631673 0.44132622750825296 0.16451772369189127 0.4754170246333458 0.17755704863634542 0.5404648512368438
1 0.30044462071617717 0.4897137746110386 0.2590214223170183 0.4847952714992833 0.25527989066334117 0.5163061203257447 0.29670308906250004 0.5212246234375
0 0.2929695637046004 0.5451548787768798 0.28324687976781704 0.5058039942230315 0.24474665443461352 0.5153165001464358 0.25446933837139685 0.5546673847002841
