0 0.5950968580466628 0.6709892067695578 0.5921780339420145 0.6080723333275643 0.4921004035061284 0.6127151101229125 0.49501922761077666 0.675631983564906
0 0.46924308821151667 0.5805448129540464 0.4480211753578079 0.5428169629290067 0.3684323636458068 0.5875856636411153 0.38965427649951556 0.625313513666155
1 0.42086315943332747 0.5634028659208934 0.39896228773218667 0.5226368879813583 0.34785807658302537 0.550091810648143 0.3697589482841661 0.5908577885876781
0 0.3687648547186805 0.6244456917570385 0.28765060117015306 0.5035695633600106 0.13333402394169303 0.6071241207241925 0.21444827749022047 0.7280002491212203
0 0.17724762700063457 0.5620254105409349 0.1622085446627735 0.4742974164195844 -0.004564592951685054 0.5028870926506162 0.010474489386176001 0.5906150867719667
0 0.7109926106978341 0.3845269455534367 0.6164736226491787 0.3784852474252129 0.6120653232984169 0.44745062517275225 0.7065843113470723 0.453492323300976
0 0.3272912721609281 0.4735348493545802 0.3115029768414705 0.4300293229024842 0.2357029248772869 0.4575374052827426 0.2514912201967445 0.5010429317348386
0 0.2584336823299024 0.46867071369146157 0.2378854471957717 0.4083958388497374 0.131269901766415 0.44474201629413246 0.1518181369005457 0.5050168911358567
0 1.0031022137501673 0.47732494482401133 0.7976274202643301 0.45334504843209056 0.7874800126820156 0.5402944014783019 0.9929548061678528 0.5642742978702227
0 0.6151549917417742 0.3891065436507976 0.45927456124417265 0.38332899791553976 0.4568741133508539 0.44809401547552286 0.6127545438484555 0.4538715612107807
