0 1.0108208556213298 0.43034780386863253 0.9834320354530043 0.35723762338609427 0.8397446926380514 0.4110663346113834 0.8671335128063772 0.4841765150939216
0 0.9528127380393687 0.5527726069436959 0.9317950492880674 0.4897447592610472 0.7741660753741865 0.5423087739580144 0.7951837641254879 0.605336621640663
0 0.7643875918451222 0.5888383633529884 0.7490530890632818 0.5293013285381596 0.6170079884477928 0.5633111842357814 0.6323424912296333 0.6228482190506103
0 0.37337023110794476 0.3391798625409196 0.3310495639430911 0.2983819170785743 0.23994559844787747 0.392886200503331 0.28226626561273116 0.4336841459656763
0 0.7046591160895884 0.39595899422106723 0.6622748484163351 0.34269150463545495 0.5465606427396382 0.4347638344026855 0.5889449104128917 0.48803132398829774
0 0.5142359901197269 0.5391265768323573 0.4865741249807193 0.4413913871382397 0.4254269342518276 0.45869779794959137 0.4530887993908353 0.556432987643709
0 0.6271632591421413 0.4924339107288672 0.5642264177275276 0.4745709950879752 0.5531017083701673 0.5137669518222191 0.6160385497847811 0.5316298674631111
0 0.709391298918414 0.4753104380583714 0.6955897711267608 0.4350247488040552 0.6102566262153819 0.46425914426415976 0.6240581540070351 0.504544833518476
0 0.532944054629556 0.553922441442267 0.5217999114611409 0.5303095451539246 0.49089285477067435 0.5448961786810843 0.5020369979390893 0.5685090749694266
1 0.5479841438106996 0.5183617173392554 0.521883472106913 0.49751467180139375 0.4680869134755995 0.5648684036805365 0.4941875851793861 0.5857154492183981
