0 0.7716667488469038 0.43976729823941546 0.7714728290624694 0.3307193227053578 0.7151071105867708 0.330819557743402 0.7153010303712051 0.43986753327745964
0 0.5795357513508409 0.20802381879600737 0.521625102857941 0.20669384241497535 0.518326499841965 0.3503236410340834 0.576237148334865 0.3516536174151154
0 0.45559814110885777 0.4493149778136849 0.3746800345086382 0.35746862206997077 0.3315221015454791 0.39549145043240186 0.4124402081456986 0.48733780617611594
0 0.7145209986672064 0.43077915774321884 0.6613651390847382 0.420168854393974 0.6417722470901845 0.5183259929220714 0.6949281066726528 0.5289362962713162
0 0.2617225796210997 0.5203317596135447 0.18462362970356747 0.4626572758837767 0.15010453987262107 0.5088022156554924 0.22720348979015328 0.5664766993852604
0 0.4987530921084324 0.5018694988779515 0.3617261305569895 0.4660772749816746 0.345043627819377 0.5299445738629396 0.4820705893708199 0.5657367977592165
1 0.5070493976747437 0.5482107074810022 0.48455102300483566 0.5361408558354215 0.4726295115466458 0.5583627222919294 0.4951278862165539 0.5704325739375101
0 0.5250968770959935 0.5438882915906287 0.5143504567948585 0.524952076917652 0.49245701021211064 0.5373767448294716 0.5032034305132458 0.5563129595024482
0 0.5534020331924784 0.4822235352133194 0.5516396325506547 0.4469033476175138 0.4868291424805287 0.45013725029673013 0.4885915431223523 0.4854574378925357
0 0.5216361484567271 0.39751897784702306 0.48486526816763564 0.3940830803013631 0.4787720661367517 0.45929235952969527 0.5155429464258432 0.4627282570753552
