0 0.768551092481344 0.3155964333187477 0.6347079151864814 0.2538613639916377 0.6101715487100163 0.3070568213593209 0.744014726004879 0.36879189068643087
0 0.4267790166658004 0.5746441826234624 0.2856054366236121 0.45850236050754817 0.2474663695251201 0.5048614458367733 0.38863994956730846 0.6210032679526875
0 0.821573637893813 0.7619034889818633 0.6622347250316347 0.624436208959261 0.6254534585248201 0.6670695324521408 0.7847923713869983 0.8045368124747432
0 0.5255471432386631 0.7169399638514857 0.367458723182775 0.6025215680381818 0.3356600823886685 0.6464567835892505 0.4937485024445567 0.7608751794025544
0 0.7527055437216323 0.5079514200032758 0.5890153667027616 0.43673855874228507 0.5683941226752136 0.48413863543415775 0.7320842996940844 0.5553514966951484
0 0.598103034952657 0.40625971874872285 0.5972034039501624 0.34158995083697036 0.42609548948426224 0.34397025912624357 0.4269951204867568 0.40864002703799607
0 0.4969192538327528 0.4832642060954303 0.479820812017676 0.4377583410266159 0.42666104011323397 0.4577326732459098 0.4437594819283108 0.5032385383147242
0 0.599034876716294 0.5438810420840496 0.5418512818478471 0.47206967383810594 0.5082372587747803 0.49883661512135397 0.5654208536432271 0.5706479833672976
0 0.4506848654473024 0.3799431340369309 0.3946368615167739 0.36976706667676534 0.38925433847783014 0.39941306466060467 0.4453023424083586 0.4095891320207702
1 0.45852775085336794 0.37061751586441 0.41690775436667 0.3418890606745134 0.3978305450950786 0.36952693321625985 0.43945054158177654 0.3982553884061565
