0 0.32856993342248186 0.25611853756362357 0.1462020296336993 0.09123921068458057 0.08912092231451521 0.15437485106343068 0.2714888261032978 0.3192541779424737
0 0.7846336855503641 0.4677785498706804 0.7245962667792358 0.32409456188856195 0.6615429687691929 0.3504409718865974 0.7215803875403213 0.49412495986871574
0 0.7353232659387196 0.2156829831458614 0.6495809787178587 0.1743256807569176 0.5865738871509408 0.304952482555431 0.6723161743718016 0.3463097849443748
0 0.15887394551263528 0.6001909428714697 0.09917967818715531 0.5497397339450883 0.05105377083962894 0.6066826861482078 0.11074803816510892 0.6571338950745891
0 0.34936796003882603 0.764647940794207 0.29921689649703465 0.6921832550351866 0.10805110504894722 0.8244844946460473 0.15820216859073857 0.8969491804050677
0 0.5668448010001922 0.9127957176776871 0.5644411051700202 0.7752974012550302 0.4868125573520605 0.7766544754472607 0.4892162531822325 0.9141527918699175
0 0.7620629428764579 0.7150176516720222 0.7192833584174054 0.657821431891629 0.6040971915661684 0.7439742645831382 0.646876776025221 0.8011704843635314
0 0.7073691310078356 0.635879397025701 0.6523211491452559 0.6183713358003499 0.6288617457496274 0.6921312339414191 0.6839097276122071 0.70963929516677
1 0.2218746802756296 0.7266782369233029 0.19471724687500003 0.6882214343750002 0.1533623556798907 0.7174254406625961 0.18051978908052027 0.7558822432108988
0 0.19022268284187255 0.6772963327134208 0.15030114553364365 0.6689942918190876 0.13695211277327676 0.7331850030134299 0.17687365008150566 0.7414870439077632
