0 0.35120843833238274 0.6746804384028016 0.27866029477820015 0.6371021038449574 0.2560070640287928 0.6808360759784019 0.3285552075829754 0.7184144105362463
0 0.622174833683079 0.6251924526337487 0.5832954355696297 0.6214046541281155 0.5760963095942172 0.6952992090920833 0.6149757077076665 0.6990870075977165
0 0.6758035653144153 0.7398980082115694 0.47710875341306547 0.7162894291975774 0.47143760249812683 0.7640190389991697 0.6701324143994768 0.7876276180131617
0 0.4778171974362504 0.7784091645760561 0.257223276835958 0.7432216689808986 0.24805751034793772 0.8006827735778795 0.4686514309482301 0.8358702691730373
0 0.5475784412177607 0.5821394374028392 0.5241832927581093 0.5424745308784403 0.38030351037735455 0.6273376797949647 0.403698658837006 0.6670025863193636
0 0.3467599111814135 0.5312691371602524 0.19577283326919748 0.454092997663145 0.16591205642793727 0.5125124971202231 0.3168991343401533 0.5896886366173305
0 0.4079787072331795 0.45177452392760015 0.4040847363888365 0.31654754488376186 0.3455446298743241 0.3182332548626733 0.3494386007186671 0.4534602339065116
0 0.47375553659797853 0.28497934348494713 0.4629146909864536 0.23647820128713945 0.3202228903177589 0.2683722910133342 0.3310637359292838 0.3168734332111418
0 0.4739612498472237 0.3215430295796322 0.44627826087796435 0.2787852687158973 0.42682483501784707 0.29138015120322336 0.45450782398710654 0.3341379120669582
1 0.48322854250261393 0.32000854614791735 0.48220259042044883 0.27653554875967096 0.4571307394919029 0.277127238295917 0.458156691574068 0.3206002356841634
