0 0.3389188840970804 0.8705003670233313 0.20269557489794962 0.8411188610419101 0.19347403473531885 0.883873263000087 0.3296973439344496 0.913254768981508
0 0.7242560983378765 0.6459138081165404 0.6939996231651422 0.6113349816169369 0.618146274790498 0.6777066658003923 0.6484027499632323 0.7122854922999958
0 0.5469664110437622 0.41668980797543753 0.40967759263871917 0.4047947481591054 0.4050724573094465 0.4579456862555336 0.5423612757144894 0.46984074607186577
0 0.5875162227786224 0.4712704013013573 0.5340720769382299 0.4612496257976016 0.5279512332515754 0.4938941314581866 0.5813953790919679 0.5039149069619423
0 0.43563101555299316 0.60344762273316 0.4257151259541542 0.5741721416346077 0.3617442411773988 0.5958397012163262 0.37166013077623783 0.6251151823148785
0 0.5556221174449666 0.6262550189410249 0.45599712366664696 0.5665635093257625 0.4293861590877059 0.6109771486808346 0.5290111528660256 0.670668658296097
0 0.6812193632457211 0.4271343970874013 0.6404669520664699 0.4026829489127636 0.5996537508221855 0.47070494690525083 0.6404061620014367 0.4951563950798884
0 0.31943511451510587 0.5409761448867753 0.21788138809846566 0.5326396462219481 0.21395295008505405 0.58049517110099 0.31550667650169417 0.5888316697658171
0 0.3585623107678152 0.555949518525308 0.33202879046822187 0.5398142671760668 0.32399414607913446 0.553026791442563 0.3505276663787278 0.5691620427918042
1 0.34160452585047063 0.5643888529968961 0.34101927501062956 0.5420192901943743 0.30797311050847165 0.5428838710401938 0.30855836134831277 0.5652534338427155
0 0.3479734053894056 0.5902937171015739 0.34609367870686436 0.561888990361151 0.30437991044243096 0.564649463431445 0.3062596371249722 0.5930541901718678
