0 0.4512640538300651 0.7489540661450425 0.33203696853067544 0.6926801727659548 0.23376486200573338 0.9008885643245541 0.352991947305123 0.9571624577036418
0 0.6083595224565667 0.8243109701895406 0.5815099411058211 0.7339081001976202 0.4937665291343821 0.7599678246060343 0.5206161104851276 0.8503706945979547
0 0.6642571737841031 0.33334335545735316 0.5944138051767826 0.25669748994119396 0.4625396619477515 0.3768674995469693 0.532383030555072 0.4535133650631285
0 0.5905903481740593 0.4662975608590866 0.5866876645736855 0.4125254470304999 0.5387932391764687 0.4160015385440844 0.5426959227768426 0.4697736523726711
0 0.707840353350409 0.3070277232354306 0.6246004498263776 0.29694624788245594 0.5968127691703453 0.5263813033659005 0.6800526726943767 0.5364627787188752
1 0.9833584308369989 0.5524090938608068 0.9160770086136886 0.4708606355923267 0.8720999682930917 0.5071438208390707 0.9393813905164018 0.5886922791075507
0 0.9386780390585319 0.5268923009219814 0.8660590572082338 0.46997213337296484 0.8326933556426539 0.5125402314785575 0.9053123374929518 0.5694603990275741
0 1.0094634080591258 0.4277896893362487 0.9817351062499998 0.2313411140625 0.9254624905401929 0.23928387501058096 0.9531907923493186 0.4357324502843297
0 1.025287344181415 0.5184812424314994 0.958632008228065 0.48489147164625573 0.9094339112144464 0.5825198748191911 0.9760892471677962 0.6161096456044348
0 0.9271540938725501 0.6404481289576146 0.8273159829073629 0.604136928256513 0.7664458027750729 0.7715002674240374 0.8662839137402599 0.8078114681251389
