0 0.858057562946971 0.15792981803063547 0.7274504855666369 0.11277824194086883 0.713127884945788 0.15420831303862628 0.8437349623261221 0.19935988912839292
0 0.4041382147841272 0.30152736902970917 0.3808698639943163 0.26309610716842186 0.2932634083819315 0.3161377623708589 0.31653175917174237 0.35456902423214615
0 0.5725731847417392 0.5481969861798294 0.43960350641589374 0.51983196153662 0.42826018653237696 0.5730072227969513 0.5612298648582226 0.6013722474401606
0 0.4596023651512466 0.4968171671132772 0.40939809562750584 0.47755570452196733 0.3972976677446976 0.5090950094891392 0.44750193726843834 0.5283564720804491
0 0.6421287900208885 0.4193216816479273 0.6366457232932042 0.38908288354223186 0.5695976654681141 0.4012404095699399 0.5750807321957984 0.4314792076756354
0 0.5775314187748899 0.3939417009598921 0.48952105110642313 0.3216670595201467 0.4559633809832372 0.3625309479712704 0.5439737486517039 0.43480558941101577
0 0.3848536681639517 0.5089655476940591 0.3493439902690526 0.47861952285708415 0.29701012244633246 0.539858475878526 0.3325198003412316 0.570204500715501
0 0.7836588108470977 0.4565050544140341 0.6848528008084324 0.43268819641403705 0.6734907797110707 0.479824387535703 0.772296789749736 0.5036412455357
0 0.6701124573257693 0.4628839647721056 0.6431890636005712 0.4495569380221104 0.6360895153226345 0.46389951698917165 0.6630129090478326 0.4772265437391668
1 0.6884238040415441 0.4573568941760362 0.6557787285705385 0.45342613571744117 0.6530923845533427 0.4757363092135217 0.6857374600243483 0.47966706767211675
0 0.6950166800163394 0.4301473552408256 0.65345237009031 0.42679242811237367 0.6511551024629021 0.45525335736441364 0.6927194123889315 0.4586082844928655
