0 0.3380901423844295 0.6809116934023642 0.327767605843379 0.5983313035258876 0.12367725431490702 0.6238425673317347 0.13399979085595756 0.7064229572082115
0 0.3901110792261475 0.569937996841729 0.3755961962079391 0.4672970096630042 0.3228196490534266 0.47476035767931685 0.337334532071635 0.5774013448580416
0 0.40916210500491423 0.579575669060396 0.25705369222132346 0.5507032408689578 0.24549512834248674 0.6115971426222216 0.39760354112607754 0.6404695708136598
0 0.7521913282600222 0.7131044681363414 0.7343836944687232 0.6369541082120846 0.5532316791022608 0.6793162028024501 0.5710393128935598 0.7554665627267069
1 0.5315057198238131 0.631347367357399 0.5104284578554941 0.6062249741416716 0.4722946252017823 0.6382186131949426 0.49337188717010133 0.66334100641067
0 0.576303519912977 0.7740715243692851 0.3988978400542432 0.6742808228999826 0.35698389135794545 0.7487945045812179 0.5343895712166792 0.8485852060505206
0 0.5809475742738294 0.549041057003591 0.41971862452716174 0.539765812581694 0.41514842523692835 0.6192082938987082 0.576377374983596 0.6284835383206052
0 0.5606395285312225 0.6395503129366983 0.5471433727442679 0.6199028491709679 0.49086505405728376 0.6585613226250443 0.5043612098442383 0.6782087863907746
0 0.47131149068641315 0.6845899308396035 0.41061606505703174 0.6573759491378242 0.3945176390751226 0.6932803172542761 0.45521306470450396 0.7204942989560552
0 0.3515992227812976 0.7576941990783739 0.34554934949223076 0.6953874626707656 0.21779498353517962 0.7077921843867123 0.22384485682424646 0.7700989207943207
