0 0.5190287228071604 0.6206504084760331 0.25721720565066736 0.5417952730660606 0.22428097024282856 0.6511487820888748 0.48609248739932165 0.7300039174988474
0 0.5162523575625819 0.5239527223525693 0.4732320077172475 0.4790344178306524 0.4281205776985675 0.5222397329484573 0.4711409275439019 0.5671580374703742
0 0.6866957394051081 0.5286985995218613 0.5699137046449426 0.4905420932503051 0.5484947549763255 0.5560970606502241 0.6652767897364911 0.5942535669217802
0 0.5868569154087743 0.43262591582412063 0.5688074008361715 0.3452024184062882 0.3959526167793319 0.3808901343628636 0.41400213135193453 0.46831363178069607
0 0.707210641843797 0.3031420241627815 0.543819813103498 0.27989025172573634 0.5342780816330248 0.3469402547652523 0.6976689103733238 0.3701920272022975
0 0.8379871451533397 0.4441958383350184 0.6015261696325591 0.4285015267191956 0.5963064802805046 0.5071448508939158 0.8327674558012852 0.5228391625097386
0 0.780883825883756 0.7567044346127514 0.45375417661963385 0.6826772506085785 0.42919190311669997 0.791219106201671 0.7563215523808222 0.8652462902058439
0 1.0234104179956895 0.642284140948276 0.8498278137392241 0.5728510992456897 0.8082637741918102 0.6767611981142242 0.9818463784482757 0.7461942398168104
0 0.43293161649965184 0.43481683502021795 0.43100791344804923 0.40916746167214624 0.3528574791634904 0.4150287443973468 0.354781182215093 0.44067811774541854
1 0.41431876292475217 0.4120484150205905 0.40889798073703043 0.38127902480037923 0.3536644866185386 0.39100975845939356 0.3590852688062604 0.4217791486796048
