0 0.9747458788264437 0.5768064808607176 0.9120613826742667 0.5285564004427148 0.7845198498496517 0.6942530511907681 0.8472043460018288 0.742503131608771
0 0.6630370741495095 0.49010653999032494 0.6395018304289222 0.4426082677755726 0.512395438132035 0.5055890833224321 0.5359306818526225 0.5530873555371845
0 0.7515025292932542 0.5767989102318314 0.7341946917776517 0.5004951588391853 0.4966164700026458 0.5543845834700674 0.5139243075182482 0.6306883348627135
0 0.608544562914427 0.6662029917300522 0.5024920543822877 0.6150171319177575 0.4755815163976155 0.6707733518911969 0.5816340249297547 0.7219592117034914
0 0.824907337907392 0.5373818363217622 0.7690295941787357 0.5185448148791679 0.7523870613507649 0.5679128737939554 0.808264805079421 0.5867498952365495
0 0.7986204416210231 0.656185260373778 0.7544902441044894 0.6032358977802105 0.5696174115669772 0.7573165932919745 0.613747609083511 0.8102659558855422
0 0.5265476369429182 0.3752377273912808 0.34672089948177887 0.32321545710698146 0.32461827852477826 0.39961816299267994 0.5044450159859175 0.4516404332769793
0 0.6301809127749125 0.3711059830080816 0.49305609395373784 0.3335766600867995 0.4760382286379595 0.39575661742426416 0.6131630474591342 0.4332859403455463
1 0.47449973275211244 0.3087005260266066 0.4556958809058978 0.28272944728994054 0.4166624085825907 0.3109908698535922 0.4354662604288054 0.3369619485902583
0 0.49443332376271687 0.3190406998731483 0.4827753662347306 0.30170360693957304 0.4338440005973519 0.33460645775617126 0.44550195812533816 0.35194355068974653
