0 0.851607128619573 0.6058380912726828 0.8045073579223448 0.5029454241035575 0.7447656346025432 0.530292576693108 0.7918654052997713 0.6331852438622334
0 0.7360145234031428 0.6295986761741158 0.6957553180522125 0.5934135359012748 0.650074542577902 0.6442374848080126 0.6903337479288323 0.6804226250808536
0 0.7502921965710625 0.5210838743037314 0.7160256409196035 0.43218563606031124 0.6611550962381954 0.45333593791222115 0.6954216518896542 0.5422341761556414
0 0.42757453706311166 0.6597035359313418 0.25055912921222734 0.6508408049573093 0.24677418976870885 0.7264374355273207 0.42378959761959323 0.7353001665013531
0 0.3956952675697713 0.530687007566227 0.23393941950693403 0.5217475082262724 0.23028284572453908 0.5879114141322853 0.3920386937873764 0.5968509134722401
0 0.6725669756528871 0.550144771514719 0.5413629449843875 0.4942208773691066 0.5121445334467662 0.5627707060610285 0.6433485641152659 0.618694600206641
0 0.5532890696455096 0.6346678970956818 0.5380520715568986 0.5290681073941766 0.4783319970540205 0.5376851194509639 0.49356899514263153 0.643284909152469
0 0.6429405112091485 0.4801997933168277 0.5611651736233605 0.47863423288541923 0.5604556050788139 0.5156977700740476 0.6422309426646019 0.517263330505456
1 0.27783545182525266 0.6419563723395013 0.2465628881276915 0.555746627461039 0.21920413843099604 0.5656710071675527 0.25047670212855716 0.6518807520460151
0 0.2912163184326736 0.5853537257485076 0.2606756005955358 0.5682630031712936 0.23860602265671207 0.6077008180190383 0.26914674049384985 0.6247915405962523
