0 0.5984375 0.2250000000000001 0.5765625 0.2250000000000001 0.5765625 0.2734375000000001 0.5984375 0.2734375000000001
0 0.4457811957793024 0.5014040181399897 0.3620020667965795 0.46638945697681145 0.2788535147461465 0.6653384951925327 0.3626326437288694 0.7003530563557111
0 0.9130702650632518 0.46172221395426644 0.8770274540777834 0.3223566898757221 0.8091068999219321 0.3399223519119651 0.8451497109074004 0.47928787599050954
0 0.4844025925656409 0.22818467930733854 0.4211899088891794 0.19102587151105863 0.347041165000031 0.3171639628666411 0.4102538486764925 0.35432277066292106
0 0.36546501292397837 0.30761741164875545 0.29566099415829966 0.2799920211375439 0.2391680161085925 0.4227388503022006 0.30897203487427116 0.45036424081341203
0 0.7339937948166623 0.31903301620783114 0.621966069598378 0.23051728319850867 0.5607498788479677 0.3079940250515617 0.672777604066252 0.3965097580608842
1 0.6266011465065976 0.2042310340388281 0.60706920740557 0.19739485673779453 0.5875608375754895 0.25313306753929693 0.6070927766765171 0.2599692448403305
0 0.5813104845821297 0.3259266679895026 0.5237250702205715 0.31472949925708893 0.5127585229269176 0.37112886101650994 0.5703439372884759 0.3823260297489236
0 0.569524766952303 0.3737132173760859 0.5312809869677032 0.3536352331274235 0.486829397479042 0.43830492841734603 0.5250731774636418 0.4583829126660085
0 0.6368413159780866 0.5486258357834072 0.6254031769209647 0.36700197256198913 0.5737726322336149 0.37025351307684373 0.5852107712907367 0.5518773762982618
