0 0.5715054869456911 0.22770084682694716 0.4913194718053065 0.18882275522189468 0.36491355860653635 0.4495347925450817 0.445099573746921 0.4884128841501342
0 0.5130954431969235 0.5832917649340662 0.506472390198288 0.4575024706311014 0.2484629920866474 0.4710871713586827 0.2550860450852829 0.5968764656616475
0 0.6201411621192265 0.4562555237647377 0.5680219434658234 0.39233905160644394 0.5025883206398312 0.4456953959132172 0.5547075392932344 0.5096118680715109
0 0.9135682885874875 0.3699199599354034 0.8095076664727847 0.30528257176405005 0.7771642189968951 0.35735273364548126 0.8812248411115979 0.42199012181683465
0 0.8413450340733206 0.57372872547096 0.7283940504757114 0.27575987560669446 0.6357888459836627 0.3108637092403089 0.7487398295812718 0.6088325591045745
0 0.7990377330803362 0.6684886457265433 0.5915507072131915 0.5573932273029651 0.5509243362807594 0.6332689474375837 0.7584113621479042 0.7443643658611618
0 0.4537717405367445 0.752273026436087 0.4189464638754055 0.6468416257999455 0.1781042404636275 0.7263947476539677 0.21292951712496655 0.8318261482901091
0 0.6454631307268427 0.7959432199487249 0.5961352378514914 0.7081395721222752 0.3869648881398734 0.8256510065409065 0.43629278101522473 0.9134546543673563
1 0.35474779041339194 0.8371233560407572 0.32806148695575343 0.7893103968466808 0.2562936719865059 0.8293668526913605 0.2829799754441444 0.8771798118854368
0 0.37913995801127776 0.8380774437973872 0.3370344938147191 0.8100071232803258 0.3058989546643848 0.8567104136163985 0.34800441886094347 0.8847807341334601
