0 0.7772305705742276 0.8349590982795508 0.7616623985990831 0.7766402303132279 0.6114350045643538 0.8167433047943892 0.6270031765394983 0.875062172760712
0 0.6179275673311689 0.392275036406715 0.6093443107814696 0.3329074845251705 0.5093554148371325 0.3473637037697144 0.5179386713868319 0.4067312556512589
0 0.8517944417036925 0.5320805991148572 0.8307672781625266 0.47294169699814076 0.7855568432712742 0.4890165170269164 0.80658400681244 0.5481554191436327
0 0.717966754503659 0.3407327628621427 0.6611688606182681 0.32537482406084767 0.6461581075736821 0.3808887292532755 0.702956001459073 0.3962466680545706
0 0.6810340428506565 0.38731093198234906 0.6329039165942356 0.3729864891714219 0.6244085411373435 0.40153094976461173 0.6725386673937646 0.41585539257553894
0 0.5933010107046272 0.533719182860344 0.5715263555701883 0.5132886409858697 0.5324640717978838 0.5549208092920959 0.5542387269323227 0.5753513511665702
0 0.7269498182394469 0.5125836648427033 0.600004735584886 0.4934024040317152 0.5913367260268274 0.5507688723072486 0.7182818086813882 0.5699501331182367
0 0.48375201714186356 0.508104577159121 0.3998354467917328 0.5055758419591204 0.3980226543700353 0.5657337117058325 0.48193922472016604 0.5682624469058333
1 0.5110214457539348 0.5194240560290159 0.5002989386760189 0.49433151179387175 0.47205130229708425 0.5064022479523559 0.482773809375 0.5314947921875001
0 0.5397413962782346 0.5267445231384874 0.5233677846463785 0.5030646720597364 0.479630290625 0.5333072921875001 0.49600390225685614 0.5569871432662511
