0 0.47803892321744873 0.17506598336387258 0.4134189313906401 0.09149268717498216 0.24014135039574805 0.2254732333335475 0.3047613422225565 0.30904652952243794
0 0.46195685490390204 0.400058627071024 0.40545582155078524 0.34031505744601387 0.298929426008398 0.441059814836742 0.3554304593615148 0.5008033844617522
0 0.6294384919983786 0.25390684767704325 0.5639388770207034 0.17604344622742502 0.4120719393435309 0.3037957118682958 0.4775715543212062 0.381659113317914
0 0.15814083548574465 0.46534320001900376 0.10673095051422876 0.41527619708661945 0.0010838427909779292 0.5237569396419641 0.052493727762493815 0.5738239425743484
0 0.3436586397613172 0.5133935251434726 0.2993407565191793 0.45370868377229795 0.19158864054085187 0.5337180393358552 0.23590652378298982 0.5934028807070297
0 0.34995360202796433 0.3768709746698261 0.336204213712816 0.3293758478091159 0.2602065690885171 0.3513764444185446 0.2739559574036654 0.39887157127925477
0 0.3360476166510209 0.33813233230298356 0.2781573636699401 0.24423609706251237 0.10691934246286494 0.349810216645366 0.16480959544394574 0.44370645188583724
1 0.21603537982025936 0.5407509324095956 0.1725104135391407 0.5266171029369184 0.16202045764804224 0.5589208021808574 0.2055454239291609 0.5730546316535345
0 0.22622443601194925 0.5400390484148361 0.22414376415315534 0.5162737770060226 0.179291704263454 0.5202006170246403 0.18137237612224788 0.5439658884334537
0 0.29816755266114686 0.44191500417741736 0.273025063173943 0.4010029343892372 0.193860561271024 0.44965343452670303 0.21900305075822785 0.4905655043148832
