0 0.3790858135244547 0.7515023196560151 0.2765049728857273 0.6660107718503889 0.13038503336070995 0.8413392881223783 0.2329658739994373 0.9268308359280045
0 0.5113822386501499 0.8640961636697068 0.5080504261522858 0.7690967048243926 0.4181994356173311 0.7722479507035642 0.4215312481151951 0.8672474095488785
0 0.679651706469372 0.3994866471054612 0.629745933389153 0.30716636162031047 0.47477101585002046 0.39094148240974524 0.5246767889302395 0.483261767894896
0 0.5864510852304646 0.45698172059804676 0.5392574023684676 0.4493601789512531 0.530618615467175 0.5028527908434269 0.577812298329172 0.5104743324902207
0 0.7280835312674616 0.3837297986309013 0.6493696719182755 0.35477846259007595 0.569470870642496 0.5720099919717156 0.6481847299916822 0.6009613280125411
1 0.934171349101981 0.6961797102845181 0.8932627589891581 0.5984041785601542 0.8403524564250621 0.6205414744885658 0.881261046537885 0.7183170062129298
0 0.8998880303769852 0.662282868390205 0.8491035901129225 0.5838930057768611 0.8046069779323496 0.6127198906303728 0.8553914181964123 0.6911097532437167
0 0.9975935234375 0.40782035625000007 0.9433894027875829 0.4075050057233531 0.9423974380796161 0.578009159570168 0.9966015587295332 0.578324510096815
0 0.9963161714835136 0.6812593876831148 0.9298532292013736 0.6229496179944422 0.8584144435476982 0.7043773429358554 0.9248773858298384 0.762687112624528
0 0.8635101356701858 0.763890157488375 0.7742780082158951 0.7051269675107095 0.6761024665281454 0.8542069009197867 0.7653345939824362 0.9129700908974522
