0 0.5323406167217991 0.06378811760555703 0.49068491693814387 0.054919505176630426 0.46007191613672777 0.19870817348073533 0.501727615920383 0.20757678590966194
0 0.5542882306748802 0.42276968438709134 0.543733160707246 0.35613553113906204 0.4991636396885511 0.36319549048191124 0.5097187096561853 0.42982964372994054
0 0.2911349262268622 0.6261217468004299 0.2710603675083692 0.5531014146425536 0.13099399597298092 0.5916080951352432 0.1510685546914739 0.6646284272931194
0 0.29152582025092694 0.4457006435255984 0.13859545998559802 0.22579469517415357 0.060023726407896494 0.28043625267993716 0.2129540866732254 0.5003422010313819
0 0.5229013438736885 0.7697509724433881 0.3490067100569977 0.665421792769185 0.2998569952142228 0.7473439519529252 0.4737516290309136 0.8516731316271283
0 0.620698859298017 0.7419892608755536 0.5453455287366155 0.6843208781980127 0.5246074698239724 0.7114186003100427 0.599960800385374 0.7690869829875837
1 0.5851009568750272 0.7892343806671218 0.5726715537880108 0.7095318092397616 0.530473527541049 0.7161124787000687 0.5429029306280654 0.7958150501274289
0 0.6427259632622668 0.43012840649576994 0.5903039640847358 0.38101577706692574 0.48837800397189435 0.48980984204252953 0.5408000031494253 0.5389224714713737
0 0.5169292318790039 0.5295816957078872 0.4598608784433102 0.3633101659079517 0.4179367006090434 0.3776995433379039 0.47500505404473703 0.5439710731378393
0 0.8500275794353577 0.03783359467028689 0.7719271774529599 0.0001654883811176955 0.6661659955451799 0.2194488990660381 0.7442663975275777 0.2571170053552073
