0 0.39526079612871207 0.6830023703831068 0.2424374599156945 0.6446512671450046 0.22640703650016286 0.7085300758473025 0.3792303727131805 0.7468811790854047
0 0.860450742415335 0.5730017737711763 0.8278516382220971 0.49422060245176286 0.6690187462265452 0.5599445553806067 0.7016178504197832 0.6387257267000203
0 0.6868126780256187 0.6812497480601902 0.6469236186973989 0.5961531116147497 0.4599973693306657 0.6837748151561329 0.49988642865888566 0.7688714516015736
0 0.47988800939326764 0.6856186795071683 0.4128663304162742 0.5707243597638529 0.35932574150935714 0.6019563664459531 0.4263474204863506 0.7168506861892683
0 0.4757528792095528 0.7619457839274794 0.4283233765151504 0.6873557970242556 0.2588357257772577 0.7951278361556016 0.3062652284716601 0.8697178230588254
0 0.6968223137664786 0.5370350144629771 0.6734634691844857 0.45951825362714305 0.5379157186918682 0.500364114613276 0.561274563273861 0.57788087544911
0 0.6472403980054395 0.5853429775806074 0.5591865552480972 0.5662008394237349 0.552043042114852 0.5990610025369116 0.6400968848721942 0.6182031406937841
0 0.5462236909308156 0.630179849334669 0.4736025535248283 0.6205276696276256 0.467170910724709 0.6689181088558616 0.5397920481306964 0.6785702885629049
1 0.7361111109375 0.4627976187500001 0.6977513234375 0.46279761875 0.6977513234375 0.5466269843750001 0.7361111109375 0.5466269843750002
0 0.7037411827505753 0.48476184323618066 0.673107303297619 0.48391090288483884 0.6726631570498932 0.49990018179358814 0.7032970365028495 0.50075112214493
