0 0.5623084020709375 0.058258411850760985 0.4312224017164007 0.041215289421478486 0.42697203937785905 0.07390665811455847 0.5580580397323959 0.09094978054384098
0 0.6605888970634626 0.31999627454546165 0.6484694468405623 0.28465268305531977 0.5274393505764495 0.32615435748347965 0.5395588007993499 0.36149794897362153
0 0.7323952281633753 0.5466622080814874 0.7259877918618153 0.4473679972738259 0.6799200331894085 0.4503407408693298 0.6863274694909686 0.5496349516769913
0 0.8027828222750385 0.3542300831135142 0.7954705139257006 0.26775850833753717 0.7461179285303514 0.27193191819138524 0.7534302368796894 0.3584034929673623
0 0.6089894351048296 0.4764638962735539 0.46527292683398097 0.4503488908695209 0.4577100957609049 0.4919687817195884 0.6014266040317535 0.5180837871236215
0 0.6689526248022546 0.4494636436382632 0.659529952418771 0.41799233502479644 0.6001442479210104 0.435772721745205 0.609566920304494 0.46724403035867174
0 0.5192848072426293 0.3404567214239037 0.47305807889293455 0.2967295957552313 0.4552082024274857 0.3155998365457223 0.5014349307771804 0.35932696221439475
0 0.4230283747299527 0.33408552743360237 0.2744766736268527 0.3118942073074485 0.268759909920309 0.3501629974733225 0.4173116110234091 0.3723543175994764
1 0.42941153437499996 0.33396447500000004 0.3942537609375 0.32548754687500003 0.3894957918570551 0.3452210631306793 0.42465356529455506 0.35369799125567936
0 0.4419292446087808 0.31900743635251927 0.39203621410316997 0.3159364848250473 0.39123977905336577 0.3288759786204216 0.44113280955897666 0.33194693014789356
