0 0.7197356011715448 0.3926236119099861 0.5335709251240901 0.3342465300228862 0.498207332749688 0.44702112418617546 0.6843720087971428 0.5053982060732753
0 0.5219405244675885 0.3536223318268211 0.314994975378878 0.22674470277143 0.25801823723224165 0.31967741635399305 0.4649637863209522 0.4465550454093842
0 0.38900328313123983 0.4518763472082849 0.3683271145166149 0.35551787053245015 0.1416635018671696 0.404154329260479 0.16233967048179454 0.5005128059363138
0 0.4901790465197505 0.44038578626304997 0.43517938703350045 0.3840212728466919 0.29738644765857236 0.5184775873942614 0.35238610714482244 0.5748421008106195
0 0.6563267039160199 0.4983937590232238 0.5218751935860879 0.4972354184855104 0.5207931240601543 0.6228339599394468 0.6552446343900863 0.6239923004771601
0 0.6467380791163707 0.5087616199850794 0.6383213957895324 0.4569791652792475 0.531568409546648 0.4743307196716563 0.5399850928734864 0.5261131743774883
0 0.537447800891677 0.4448125753261888 0.5166436195845202 0.41524817245559387 0.4410008918668618 0.4684772205406902 0.46180507317401853 0.4980416234112851
0 0.8498837551789642 0.5093094383985208 0.7325710428214908 0.44230791539084996 0.6939177930851765 0.5099857436616891 0.8112305054426499 0.5769872666693601
1 0.7231234589599536 0.607099987914889 0.6940822055799506 0.5088594871426301 0.6625778600480086 0.5181726082482042 0.6916191134280115 0.6164131090204631
0 0.7011803969568458 0.5889405035115374 0.6991707635393161 0.5660356929568874 0.666802489122289 0.5688756363731854 0.6688121225398188 0.5917804469278354
0 0.6923870667872656 0.5586379396246443 0.6833231720483652 0.5484939256839311 0.6741878649351786 0.556656519166687 0.6832517596740788 0.5668005331074003
