0 0.8638952882120042 0.2189393711345895 0.8573614139339535 0.14109898586902528 0.6352872841580364 0.15973975234793011 0.6418211584360872 0.23758013761349436
0 0.6532971450199334 0.2887781800452122 0.6493039823038903 0.21613641693989347 0.4530991914118572 0.22692191583483604 0.45709235412790034 0.2995636789401548
0 0.7650722648067879 0.3422087379766326 0.7426699299397773 0.27075209245975196 0.5760757657227298 0.32298094012932793 0.5984781005897404 0.39443758564620857
0 0.5558167378393263 0.29354627898508434 0.5144808292749994 0.2927500642143971 0.5131494707029572 0.36186824466810125 0.5544853792672841 0.36266445943878844
0 0.8548944845104657 0.2348563206127582 0.782347955676096 0.2338341927474648 0.7816810553985218 0.28116809475668564 0.8542275842328915 0.28219022262197907
0 0.8017541308755488 0.38384860277658844 0.7891212813972192 0.33444308381179966 0.6532422937852299 0.36918695117191097 0.6658751432635597 0.4185924701366998
0 0.9087143088326608 0.4159654949191456 0.857466599359109 0.38148189848022784 0.8027500210461929 0.46279880269972196 0.8539977305197446 0.4972823991386398
0 0.767658481495725 0.5115901222938852 0.7357402680006478 0.45918522170600956 0.6702563388542474 0.4990694693153806 0.7021745523493246 0.5514743699032563
1 0.809157321875 0.5293272109375 0.7679594453125 0.5240644250000001 0.7649371145962105 0.5477236825224324 0.8061349911587105 0.5529864684599324
0 0.833325159939917 0.5161633476543637 0.7761779765625001 0.49335027343750004 0.764637390672634 0.5222596598648448 0.8217845740500509 0.5450727340817084
