0 0.852533501022336 0.4689965608965153 0.6266614274199489 0.4481569035682962 0.6180002851079862 0.5420312961726004 0.8438723587103732 0.5628709535008195
0 0.5921388021793617 0.551747269409715 0.58318042873966 0.437977743407057 0.32281160915149065 0.4584795526338142 0.3317699825911922 0.5722490786364721
0 0.7824526399462183 0.41997005894627587 0.7433144899612918 0.35531594663566574 0.6357647604063619 0.4204208146127698 0.6749029103912885 0.48507492692338
0 0.6379119450558003 0.4982121751100898 0.5867710434919144 0.3453339758877926 0.5176168462058388 0.3684674770287514 0.5687577477697245 0.5213456762510486
0 0.36357585249862606 0.3554614997199187 0.17678029340212437 0.35495371696831435 0.1765446561327367 0.4416364476049458 0.36334021522923843 0.44214423035655015
0 0.27996488815704174 0.44421249928962314 0.04997076160625309 0.44035924804297666 0.048388579944030743 0.5347970269872407 0.2783827064948194 0.5386502782338872
0 0.4055258848510867 0.4375061014189646 0.3664964591579413 0.40222297122898504 0.294826898303677 0.48150226943071567 0.33385632399682236 0.5167853996206953
0 0.528825165271 0.4485536383582313 0.5066116463448382 0.4218884722948533 0.4645361050310807 0.456939663466143 0.4867496239572425 0.48360482952952105
1 0.20642013376565208 0.43595181367886193 0.15647272735779566 0.35529773383015695 0.11586773898117393 0.3804435647718508 0.16581514538903033 0.4610976446205558
0 0.20609141955576615 0.38676058946649644 0.19013747197558034 0.37075472057486814 0.17010792680767323 0.39071929205969963 0.18606187438785904 0.40672516095132794
