0 0.35841672473404274 0.6953070139175276 0.20958815898592356 0.6419568878327413 0.18738210906570058 0.7039041558730389 0.3362106748138197 0.7572542819578252
0 0.8318791079105388 0.6311724141379709 0.8066902251614151 0.5493625732439342 0.642536352139094 0.5999048138251062 0.6677252348882178 0.6817146547191428
0 0.6486040818373888 0.7229704779237138 0.6174125909216139 0.6336265459007536 0.4225799565663304 0.701645942484145 0.4537714474821052 0.7909898745071052
0 0.4431507565433418 0.705256349005525 0.3844867882227664 0.5853316030170146 0.32906236174688297 0.6124437454874168 0.3877263300674584 0.7323684914759272
0 0.43100803928741493 0.7818841009473936 0.39093853362992304 0.7027607300795602 0.21193450230884364 0.793411608158489 0.25200400796633554 0.8725349790263225
0 0.6787415111943359 0.5606928322650488 0.648309153850393 0.48683386828503317 0.5153498195416866 0.5416175499921057 0.5457821768856294 0.6154765139721213
0 0.6184860924441191 0.6228842052080891 0.5325122218178738 0.5951080545367444 0.5221807252777995 0.6270865225909306 0.6081545959040449 0.6548626732622752
0 0.5137055439336349 0.6575710507718149 0.4422288083380799 0.6407753299347648 0.43106462918952 0.6882861863537848 0.5025413647850748 0.705081907190835
1 0.7183854093741987 0.5094162280476043 0.6801394267635053 0.5058447198305419 0.6723312822605568 0.5894592996472384 0.7105772648712503 0.5930308078643007
0 0.6840655303928983 0.5285230056591752 0.6538142888637053 0.5240672893777534 0.6514713627650377 0.5399741422425477 0.6817226042942307 0.5444298585239693
