0 0.14553710023297647 0.45303686966754625 0.01103163075446092 0.41599710005032636 -0.010096625934104963 0.4927218236251985 0.12440884354441059 0.5297615932424183
0 0.2085614997991394 0.5914867159766471 0.06298190104427123 0.5332994884319888 0.035343021942678424 0.6024496627817819 0.18092262069754658 0.6606368903264401
0 0.36756753528869457 0.5739141573201297 0.2340481943026313 0.5580094100856923 0.2265484459398528 0.6209693203690394 0.36006778692591607 0.6368740676034769
0 0.7489464500038361 0.3599391550924484 0.6582611956957501 0.2767472195793207 0.6159679063921284 0.3228499778859738 0.7066531607002143 0.4060419133991015
0 0.43784847573862107 0.44725937771498847 0.33024361740720903 0.36118376801009855 0.28534912097115084 0.41730728482775153 0.39295397930256293 0.5033828945326414
0 0.5637797586798187 0.453475323564193 0.5050595922253972 0.4329034434681674 0.4705435383309234 0.531425718562744 0.5292637047853448 0.5519975986587697
0 0.4369338624480726 0.5152747201789882 0.42123562188264546 0.48018906605631606 0.35861042408131016 0.5082092197380893 0.3743086646467373 0.5432948738607615
0 0.37576000215094335 0.47979396965222953 0.2920137932522352 0.4550788522999868 0.2794882554280595 0.4975211475252978 0.36323446432676765 0.5222362648775405
0 0.4965373525125677 0.5468798309815389 0.46920542880675714 0.5311073009002174 0.45481016954942 0.5560525776388457 0.48214209325523055 0.5718251077201673
1 0.5184277495215522 0.5614210922350605 0.4671366126099863 0.49899420600692146 0.44035305577900796 0.5210000942291213 0.49164419269057397 0.5834269804572604
