0 0.16988376993573412 0.6913521360255414 0.16092038167706693 0.6152697638446797 0.06023271060384473 0.6271319424653048 0.06919609886251193 0.7032143146461665
0 0.3421944077619169 0.5876157636539064 0.2887485562582844 0.5860511473016137 0.287113784847398 0.6418934309007727 0.3405596363510306 0.6434580472530655
0 0.26969015995870455 0.6346827056149549 0.257021035540866 0.5318868701367523 0.07526838455517303 0.5542870669725277 0.08793750897301153 0.6570829024507303
0 0.4386741423257794 0.37413085854935196 0.4359134651381139 0.28255615750538027 0.3175339896586039 0.2861249108151745 0.3202946668462694 0.37769961185914613
0 0.6417509413335188 0.5579879818066403 0.5951158151543676 0.5450174383233705 0.5651097855935536 0.652903046702761 0.6117449117727047 0.6658735901860309
0 0.5013885326131013 0.5553754683011431 0.3791324357779973 0.5379212450392419 0.3635737932621036 0.6468999648312491 0.4858298900972077 0.6643541880931504
0 0.5611099364251065 0.30041755114635055 0.5041317480544905 0.29071458425681235 0.48899520993752227 0.37960002825822664 0.5459733983081383 0.3893029951477648
0 0.7232021328407123 0.3118046422990515 0.6091814369946529 0.2833162745703687 0.5862987837367893 0.3749008845457165 0.7003194795828488 0.40338925227439937
1 0.5163102128046342 0.26111887005281087 0.49033496093145323 0.25811137434854753 0.4862512187361635 0.29338199234391615 0.5122264706093445 0.29638948804817955
0 0.5076653972965681 0.2941842680395217 0.4815504724401819 0.2898565299908114 0.47213976399904045 0.3466436878593445 0.49825468885542656 0.3509714259080548
