0 0.4298130663992916 0.2560992425586194 0.18906164253685462 0.16244604750712668 0.14613827799609277 0.27278783696207326 0.3868897018585298 0.3664410320135659
0 0.679907439051674 0.5021272316285827 0.5874127182322286 0.4139201136386845 0.5318037951794744 0.47223209491692525 0.6242985159989197 0.5604392129068235
1 0.5849946974513511 0.5572242448411534 0.5696569050706054 0.5224345402582896 0.5239538281051213 0.5425837284754013 0.5392916204858669 0.577373433058265
1 0.5600880937613891 0.5122335017966558 0.5463136425308917 0.46758596368067096 0.5116389333030857 0.4782836440309139 0.5254133845335832 0.5229311821468988
0 0.5731578819974252 0.5258879331953629 0.5621433618152902 0.5018378723330261 0.4976140058154252 0.5313912234895615 0.5086285259975601 0.5554412843518982
0 0.5025064708797982 0.49482568366302343 0.48388984318010253 0.421814187804605 0.4271956413770914 0.43627019689315694 0.4458122690767869 0.5092816927515754
0 0.4171399467289558 0.3752461582883709 0.34266236147830337 0.3609648331678631 0.33250924719511354 0.41391366166978016 0.40698683244576606 0.42819498679028795
0 0.3831920529316533 0.4397760927065339 0.20096846914286362 0.380109696839628 0.16855756814678252 0.47909389803897245 0.35078115193557224 0.5387602939058784
0 0.21683598387311295 0.36997540073288165 0.02806164473013384 0.26574850025215246 -0.02348646239280696 0.359111728087982 0.16528787675017217 0.4633386285687111
0 0.5946914240301584 0.38381280668294526 0.4184723542041233 0.2869783594368123 0.36295738392178867 0.3880043548628735 0.5391764537478237 0.4848388021090065
0 0.5161355979382369 0.5213841385168803 0.40563958449826415 0.48987473091207967 0.3824458478660676 0.5712096600474637 0.49294186130604045 0.602719067652264
