0 0.5356425253940542 0.4816017920649835 0.46610422185567685 0.4393442172704957 0.43254129303224786 0.49457476808916195 0.5020795965706253 0.5368323428836498
0 0.5267633966471681 0.4044955470679931 0.4645554241794397 0.33615174076684956 0.4200955717133693 0.37662003523002013 0.4823035441810978 0.4449638415311637
0 0.7582709635376562 0.7239938503220773 0.7260448138595228 0.5018907763565579 0.5959236509561138 0.5207707675117863 0.6281498006342472 0.7428738414773057
0 0.46876146403403957 0.7174104308734477 0.4118683716158448 0.48449925196492954 0.28285763592344815 0.5160126372093954 0.339750728341643 0.7489238161179135
0 0.6861871619156044 0.5025730279631628 0.6440959912769331 0.3556794887832645 0.5388087671702853 0.3858487020835006 0.5808999378089565 0.532742241263399
0 0.4084818360931065 0.5073999060750045 0.3853798760722374 0.3415345966691539 0.28611825828036885 0.35535989825903325 0.3092202183012379 0.5212252076648839
0 0.3899603642817862 0.33915971183189714 0.36182873484632383 0.22908338838182613 0.2862111835012098 0.2484085699157342 0.3143428129366722 0.3584848933658052
0 0.6312062348539775 0.3493253811563112 0.5553193039082611 0.24782788900524624 0.4743000747143579 0.3084037763578324 0.5501870056600745 0.4099012685088974
1 0.5088156807811564 0.25347127422701543 0.45843774411925553 0.24042138854685594 0.44834883820556926 0.2793687230725751 0.4987267748674701 0.2924186087527346
0 0.5115206828523331 0.29415923270333444 0.437251570754261 0.2652398337168901 0.42580540818668206 0.29463520017048583 0.5000745202847542 0.32355459915693024
