0 0.32780938486113326 0.6745071078369836 0.25640816729496274 0.6368957977695695 0.23311541968818655 0.6811146919427411 0.30451663725435707 0.7187260020101551
0 0.6001663532122169 0.6251774911340695 0.5617743226179539 0.6212687258660672 0.5542331501589465 0.6953383882561026 0.5926251807532095 0.6992471535241049
0 0.6502911344981777 0.7398234112126482 0.4515204176306746 0.7161412219632264 0.44581052276343697 0.7640658409266783 0.64458123963094 0.7877480301761001
0 0.4505745750275546 0.7782923816368169 0.23145742340285702 0.743194827014211 0.22220388291059737 0.800965502404849 0.4413210345352949 0.836063057027455
0 0.528162486932106 0.5820577189690141 0.5054834965621776 0.5427599863831409 0.3587645653946613 0.6274324854837745 0.3814435557645897 0.6667302180696478
0 0.32842157324739907 0.5311277448149088 0.17992466968232013 0.4539562604412287 0.14922805431390962 0.5130240931923096 0.2977249578789885 0.5901955775659895
0 0.3935967077884125 0.3173116523334117 0.33492684100602854 0.31695387257977337 0.3341047136759815 0.4517689381096696 0.39277458045836544 0.452126717863308
0 0.4654607099445478 0.28476085333174667 0.4547928977699319 0.2365932313888878 0.3105333975014086 0.26854276909066965 0.3212012096760244 0.31671039103352855
0 0.46348181551227413 0.32167179105909016 0.4372333947608872 0.27888180287025266 0.41714523100853496 0.2912043716909669 0.44339365175992196 0.3339943598798044
1 0.4732236716599223 0.2769396934997569 0.4481053547936481 0.2766558153068047 0.4476156048523198 0.3199902260397764 0.472733921718594 0.32027410423272856
