0 0.41244403820805464 0.7984254033532776 0.38418810481194876 0.7728999009406634 0.31951985622520607 0.8444856309832118 0.34777578962131195 0.870011133395826
0 0.46234932294593356 0.6502278944530607 0.42561519184865987 0.6158112498294699 0.39078085382480177 0.6529912002183013 0.4275149849220755 0.6874078448418921
0 0.39893964289002465 0.6850179436825361 0.34733523555042634 0.6417287913771557 0.224622897775452 0.7880124935726152 0.27622730511505034 0.8313016458779956
0 0.620177821374927 0.5942286867048976 0.6020837268519147 0.5360350048685963 0.4590931046821427 0.5804949144636316 0.4771871992051551 0.6386885962999329
0 0.7206778406886546 0.5146986669357374 0.6761322621515007 0.4608188716792593 0.6380175119281344 0.49233056528197083 0.6825630904652883 0.546210360538449
0 0.4083399566173428 0.41991770927001726 0.3553482414167765 0.3614360206086674 0.25347500939716144 0.45374589437112667 0.30646672459772767 0.5122275830324765
0 0.6795999112897106 0.322317547826145 0.6789320279604506 0.2482248835509278 0.524281687928202 0.24961892687468076 0.5249495712574621 0.323711591149898
0 0.5213801373614526 0.38641320037180316 0.4864047165400712 0.2793822921534351 0.43207819571906914 0.29713504188811407 0.46705361654045063 0.40416595010648215
1 0.4478468508090031 0.3376427987770631 0.4422912972223675 0.3053327169268165 0.4089539106335904 0.31106491031743544 0.41450946422022594 0.343374992167682
0 0.4690046608063585 0.3515509363870347 0.45918130415582165 0.32687503263497153 0.41092859027101597 0.34608420213933566 0.4207519469215528 0.37076010589139885
