0 0.45824779975605434 0.7951670162161097 0.3835411065341456 0.6576291679824424 0.3158906298863598 0.6943750053657329 0.39059732310826856 0.8319128535994003
0 0.7136387236328778 0.7279241952949064 0.7065821601401547 0.6830529394209747 0.5783414358662127 0.703220389508272 0.5853979993589358 0.7480916453822037
0 0.47472435693561615 0.6077431558112459 0.4669639749258131 0.5640383277366241 0.3247945698221178 0.589282424151495 0.33255495183192074 0.6329872522261168
0 0.7134866328780636 0.6130557551331007 0.6765428620813415 0.4951954753295681 0.6300879481794761 0.5097569518035152 0.6670317189761981 0.6276172316070479
0 0.6963316524239589 0.44910667780047664 0.6429504623381326 0.44688729655931825 0.6412434168783049 0.48794564042846184 0.6946246069641313 0.4901650216696202
0 0.8264085673299608 0.32891882126605126 0.7973883504174799 0.31566983357899303 0.7690427108283793 0.3777573400986217 0.7980629277408602 0.3910063277856799
1 0.7858577293102909 0.30000122117789346 0.7402337112909337 0.2873209030085198 0.7289310015787269 0.3279882604588071 0.774555019598084 0.3406685786281808
0 0.7554019099605874 0.3205319105183295 0.7072905460786012 0.29242044988946336 0.6438661485269437 0.40096814543219106 0.6919775124089298 0.4290796060610572
0 0.5223497907211793 0.3938692438536296 0.46098182774926827 0.3604158307697974 0.3942495375802548 0.4828315825455718 0.4556175005521658 0.5162849956294039
0 0.7829617973115934 0.3021687065388469 0.7645103172523477 0.29418771934326504 0.7495492017925288 0.32877676413257884 0.7680006818517746 0.33675775132816066
