0 0.5878478991230655 0.9171450656990997 0.5801890726682724 0.8850509325109461 0.4518552051574237 0.915676056853011 0.4595140316122167 0.9477701900411646
0 0.6554067145909863 0.6470507500773275 0.5302435503664971 0.6184667747148938 0.521959836689914 0.6547393995735564 0.6471230009144031 0.6833233749359902
0 0.7054525938814752 0.5134941907785724 0.7002968684901723 0.41424645771035074 0.6542108327898976 0.41664053702177517 0.6593665581812005 0.5158882700899968
0 0.795353279620159 0.6842010022784599 0.792527743480894 0.5980220654766208 0.7429994961772851 0.5996459408441319 0.7458250323165501 0.685824877645971
0 0.5856097237869382 0.49715273460689813 0.5737028307972191 0.4564986700993671 0.43402614108835047 0.4974076276087357 0.4459330340780697 0.5380616921162666
0 0.6486735054787919 0.5176456283825146 0.5876722074060022 0.506207884175028 0.5816412097311059 0.5383732028050646 0.6426425078038955 0.5498109470125512
0 0.5125078301614513 0.6414649025415438 0.4925871611076458 0.6245928893552872 0.45173286694448206 0.6728292713724695 0.4716535359982876 0.689701284558726
0 0.4174427795819077 0.6578846482024405 0.40773487231832933 0.6203854739745325 0.26271533469047426 0.6579285999682368 0.2724232419540526 0.695427774196145
1 0.42397189218750003 0.657293403125 0.41714943751403233 0.6381315803761993 0.38320333907653226 0.6502178897511992 0.39002579375 0.6693797125
0 0.43805143976096417 0.6708496429463189 0.4359057202526417 0.6580631129995377 0.38674653765956146 0.6663125612503285 0.3888922571678839 0.6790990911971096
