0 0.40612831736968485 0.2370066167017594 0.27639246631234277 0.05081164072210076 0.16613954499073316 0.12763302918308614 0.2958753960480753 0.3138280051627448
0 0.5476883570517792 0.1356494455370497 0.45893637211381283 0.1252611720618808 0.44788112889071935 0.21971139830658443 0.5366331138286857 0.23009967178175325
0 0.6724851158558582 0.6117741834892075 0.5259359216339008 0.5158350709937338 0.4681738138493371 0.6040680151205521 0.6147230080712945 0.7000071276160258
0 0.58534383104998 0.5472661452490324 0.5817031044327978 0.4932620643429166 0.5339194502069396 0.4964834361149638 0.5375601768241218 0.5504875170210796
0 0.7198195705405317 0.632115160377095 0.6603168410625269 0.40909706713871097 0.5789764394386415 0.43079923418344884 0.6384791689166464 0.6538173274218326
1 0.9590010630085046 0.3427070547360393 0.9134615264854522 0.31234737169009 0.8533272280294628 0.4025488430519604 0.8988667645525152 0.4329085260979097
0 0.915619432063839 0.3761316243819871 0.8784557219408804 0.3364903359254789 0.8104096552811345 0.400283527186777 0.847573365404093 0.4399248156432852
0 0.999751984375 0.4589947093750002 0.943204365625 0.4589947093750002 0.943204365625 0.6577380953125002 0.999751984375 0.6577380953125002
0 1.0147563072035286 0.35720743677603106 0.9509883866769615 0.2704122134747676 0.879389888019326 0.3230151932075837 0.943157808545893 0.4098104165088472
0 0.8902253082140623 0.26453198718731685 0.806066734505225 0.10780188979391307 0.7114300246845607 0.15861848884835497 0.795588598393398 0.31534858624175877
