0 0.20729768646181906 0.596885764531984 0.15088124485867338 0.5495622570047776 0.10066001700986349 0.6094331988731877 0.15707645861300917 0.6567567064003942
0 0.40813084147875306 0.7504452610938631 0.3611927752108212 0.6871122612453299 0.1587981251542825 0.8371132641876953 0.20573619142221428 0.9004462640362284
0 0.6309089339277592 0.7437946331587171 0.5437308953439282 0.7433017494381917 0.5428924326589506 0.8916035278458215 0.6300704712427816 0.8920964115663468
0 0.8237450656383636 0.6550954142653201 0.7713130727028814 0.6023393419859147 0.6458767756293393 0.7270050867589661 0.6983087685648216 0.7797611590383716
0 0.7599389286606557 0.5799227683368343 0.700499993142941 0.5727887442504342 0.6911483868368891 0.6507040298565084 0.7505873223546038 0.6578380539429085
0 0.8198213993500325 0.40781317589867216 0.7512813442915555 0.2563984738678867 0.6890083343618165 0.2845872525795708 0.7575483894202935 0.4360019546103562
0 0.368989116058338 0.23357770850526777 0.1918701628150703 0.09749142655484921 0.13532311436561267 0.17108851427610333 0.3124420676088804 0.30717479622652183
0 0.7588664382827014 0.1692630356699089 0.6904053686367913 0.13188063761948704 0.6219154477458042 0.2573111473967439 0.6903765173917142 0.29469354544716575
1 0.2620734779855814 0.7260973572348534 0.25475202165118066 0.6730745934893093 0.21119274720704193 0.6790893181711728 0.21851420354144263 0.7321120819167168
0 0.23575110156250015 0.6662927593750002 0.200487184476418 0.6530787909670536 0.17449246288150402 0.7224505102491705 0.20975637996758617 0.7356644786571171
