0 0.7573778365094956 0.3281530308557527 0.5880652534086177 0.25115585767724086 0.5576459108228965 0.31804633244153174 0.7269584939237744 0.3950435056200436
0 0.5724615412582847 0.17790715904789267 0.49102910047252657 0.16800764300528276 0.4686898997996374 0.35176770038245275 0.5501223405853956 0.3616672164250626
0 0.42095978189749755 0.28456201006034576 0.358554723746076 0.06890758862129384 0.2714434493450467 0.0941154378662352 0.33384850749646827 0.30976985930528717
1 0.32499890116687363 0.21580226381847328 0.29055784662999756 0.1315921075903633 0.252824689008762 0.14702456606913894 0.28726574354563805 0.23123472229724892
0 0.2915609988712291 0.2442290301078777 0.28960177377012053 0.1607830141768992 0.2536895660119313 0.16162619522144742 0.2556487911130399 0.2450722111524259
0 0.5940699146483258 0.3675767834652798 0.5587782094909978 0.32410160555303 0.5087664994799201 0.364699450320617 0.5440582046372482 0.40817462823286677
0 0.6130565644762432 0.52382915849362 0.5873279978848628 0.5021925078775168 0.5442836963295836 0.5533773330426571 0.5700122629209641 0.5750139836587603
0 0.6576194196370068 0.48241863661594636 0.6369201569082686 0.4122371859761018 0.42892519400276674 0.47358305933983696 0.4496244567315049 0.5437645099796815
0 0.4742984004473871 0.3896060803004455 0.42139349545164456 0.3582990707190909 0.3403287925865762 0.49528821343615037 0.3932336975823188 0.526595223017505
0 0.3689696037555391 0.39738924996645253 0.28725313769227634 0.2488648031053701 0.2139639234761202 0.28918769750334944 0.2956803895393829 0.43771214436443195
