0 0.34717999939232713 0.5161151390793427 0.23675976208358235 0.4598234391845189 0.20428290494254875 0.5235291414329047 0.31470314225129353 0.5798208413277285
0 0.40758923526640134 0.6342075426435252 0.388718901947005 0.5425911589967861 0.1634370863241624 0.5889927171285028 0.1823074196435587 0.6806091007752418
0 0.6847845256973683 0.6155986711398039 0.6702058118981276 0.5030362163456765 0.4206989874695074 0.5353515082514462 0.4352777012687481 0.6479139630455737
0 0.4546285719589803 0.5890917721293347 0.4501079574207374 0.44339522592311764 0.3781485233026797 0.4456279546494211 0.3826691378409225 0.5913245008556383
0 0.7306932771360978 0.5324849271380184 0.6968739946093394 0.3884635411856302 0.6336111767043885 0.40331899545041344 0.6674304592311469 0.5473403814028017
0 0.9330497004712084 0.5717130991512615 0.9268844035011877 0.47836818166890405 0.7165178587427155 0.49226258809160245 0.7226831557127361 0.5856075055739598
1 0.835721274376129 0.4235853781220367 0.7850803010486309 0.4035319410068062 0.7532388621817696 0.48394117195810393 0.8038798355092677 0.5039946090733343
0 0.6834277837956452 0.5169301304079983 0.5941569052278489 0.47829032451495335 0.5794387307737215 0.5122942314722227 0.6687096093415178 0.5509340373652677
0 0.5249215457819815 0.5272951641543342 0.4850823560040289 0.5041341800586416 0.46487854825756825 0.5388867332197226 0.5047177380355208 0.5620477173154151
0 0.7921036567618385 0.4383319288367554 0.7549883957707315 0.43431167890352523 0.7528739928529503 0.4538320115786524 0.7899892538440573 0.4578522615118826
