0 0.36253215959215856 0.3538125132333955 0.30415691445709686 0.19380937409909002 0.2426733227291859 0.21624093236925726 0.3010485678642476 0.37624407150356276
0 0.5470656915017607 0.27425820274298224 0.5164416506808862 0.2140040950071329 0.3637953744742088 0.29158628764702976 0.3944194152950833 0.35184039538287915
0 0.560248099879007 0.3491558949548822 0.3614494404910761 0.3311999551473945 0.35615148249860107 0.3898561412167198 0.554950141886532 0.4078120810242075
0 0.47338794222974884 0.42396077481434 0.4718058331948935 0.3938330311315853 0.3953109813409049 0.3978500327866873 0.39689309037576026 0.427977776469442
0 0.49008021052847006 0.4873608568807463 0.47612742096097216 0.44933614531952265 0.3990913086165784 0.4776037802471092 0.4130440981840763 0.5156284918083329
0 0.3971040536253643 0.493123570103435 0.3378806731122501 0.37578164848092765 0.2886141740902674 0.4006468337257566 0.34783755460338156 0.5179887553482639
0 0.5177440370295056 0.593394347167102 0.49741470200536686 0.5644146973588792 0.4801567762222689 0.5765211982099271 0.5004861112464076 0.60550084801815
1 0.5049522052917724 0.5957507996448199 0.4872440759158498 0.5435832484771048 0.4637547215258759 0.5515566441451762 0.4814628509017985 0.6037241953128913
0 0.5739673634805982 0.5898582856756585 0.5503080919835537 0.49477208847043813 0.508772595965388 0.5051069173514089 0.5324318674624327 0.6001931145566293
0 0.4374245852024794 0.6132409133083991 0.3935782552202657 0.5188275673930072 0.35189259129652345 0.538186730636369 0.39573892127873717 0.6326000765517609
