0 0.27372567291166944 0.6137941675253363 0.08480793902427178 0.5373667150924593 0.04978105514561384 0.6239481634706411 0.23869878903301153 0.700375615903518
0 0.6006857623774977 0.3055777253373583 0.45417645372500726 0.2951970984860171 0.4496142778920801 0.35958639181148744 0.5961235865445704 0.36996701866282866
0 0.4553125062896151 0.4296987896625061 0.4256047576457963 0.3469953847937165 0.25253387140638384 0.40916388189635206 0.2822416200502027 0.49186728676514163
0 0.6407340843493916 0.45383667141243605 0.4428210776320115 0.43920464724192304 0.4376367712912253 0.5093276626013898 0.6355497780086055 0.5239596867719027
0 0.8352890653702756 0.6719313325187907 0.5827366847664427 0.5916813327237176 0.5526460399563777 0.6863787034413789 0.8051984205602107 0.766628703236452
0 0.4204580104998702 0.7495034265740994 0.195236208901981 0.6598147813782567 0.16176423208001042 0.7438679957670548 0.38698603367789963 0.8335566409628974
0 0.48658357951685255 0.5458033043195071 0.40208126333275046 0.48313064440165415 0.3675522733447055 0.529686505175904 0.4520545895288076 0.592359165093757
0 0.3591116190864703 0.5259171175763486 0.3301677650516499 0.4835094574875437 0.2766203896371168 0.520056331677264 0.30556424367193724 0.5624639917660689
0 0.27599171992211574 0.4432359717167248 0.27060887624597524 0.4198845052986816 0.21542987323213544 0.43260404685172443 0.22081271690827595 0.45595551326976763
1 0.2729084415604548 0.4262532566608474 0.26915488073673666 0.39086955330935363 0.22077293078713095 0.39600198928141433 0.2245264916108491 0.43138569263290816
