0 0.7157737764911626 0.8134377527832788 0.6597477652898095 0.7215200821630952 0.4733210542372063 0.8351516062344967 0.5293470654385592 0.9270692768546803
0 0.6748131076220981 0.585731850544248 0.6207726558437308 0.5221978086836453 0.5103996822952379 0.6160782730773481 0.5644401340736054 0.6796123149379508
0 0.5507089120502996 0.7108763930733725 0.4887006164143403 0.628806612329454 0.3311384323073757 0.7478536282297137 0.39314672794333494 0.8299234089736321
0 0.9778845300379981 0.5317044815730249 0.9290978668943127 0.4786461766203782 0.8189415231234461 0.5799340040676662 0.8677281862671313 0.6329923090203129
0 0.7909402297671407 0.5053918976243879 0.7503104056356176 0.4421899300147671 0.6377243205280108 0.5145666772994901 0.6783541446595338 0.5777686449091108
0 0.7067859636269135 0.6833258480817463 0.6976552372576451 0.6346286318308682 0.6202118901082816 0.6491492567532084 0.62934261647755 0.6978464730040865
0 0.8585567545113344 0.7031019868490134 0.8112280546366376 0.600556520148946 0.6296030185000794 0.6843835005281037 0.6769317183747763 0.7869289672281711
1 0.823324002995599 0.4869065864260588 0.782023235471222 0.467546854444069 0.767463970591976 0.4986066240040484 0.808764738116353 0.5179663559860382
0 0.8027077419494107 0.5206901988812883 0.8017322997725737 0.4972795635923548 0.7568470156837918 0.49914978192172266 0.7578224578606287 0.5225604172106562
0 0.7814888466470935 0.5915424358681324 0.7602407913845982 0.5484120516372987 0.6771209329156223 0.589360802214322 0.6983689881781177 0.6324911864451557
