0 0.5047408953020716 0.4223397969246694 0.4524572393067553 0.35112205421429643 0.3326492221918459 0.43907768035357486 0.38493287818716215 0.5102954230639478
0 0.6498075088416386 0.47695817748430747 0.45098626582130785 0.471984618018596 0.44911435850349557 0.5468153187093445 0.6479356015238263 0.5517888781750561
0 0.5583267802160227 0.5484287343793344 0.5040918520358068 0.5339970886688448 0.49641765649428604 0.5628371428376349 0.550652584674502 0.5772687885481245
0 0.7336518416469743 0.5027791585892046 0.6342792230770717 0.39651713876466815 0.5922509941425864 0.43582050576231657 0.691623612712489 0.5420825255868531
0 0.5991153410661152 0.4293815405802661 0.542498195758933 0.28412365607150686 0.46940283235304336 0.3126140256320175 0.5260199776602257 0.45787191014077677
0 0.8404485930516639 0.3918570948014167 0.7953940653054035 0.3194402288480092 0.6866530588627018 0.3870940084948825 0.7317075866089623 0.45951087444829
0 0.7283333020833496 0.1804805770934746 0.6376581961289075 0.18013883884021323 0.6369272636031178 0.37408079175011116 0.72760236955756 0.37442253000337256
1 0.7639475909758666 0.21268015415680833 0.7211793778216176 0.21226283038503907 0.7199721004357819 0.33598714245771794 0.7627403135900309 0.33640446622948716
0 0.7835327859221767 0.33076754511245215 0.7745024429010107 0.2575037212736673 0.7445625536995987 0.2611940483046368 0.7535928967207648 0.33445787214342165
0 0.5513661705184131 0.4421138549083544 0.5265174491412932 0.39836922680480313 0.48334482841093396 0.4228930248151393 0.5081935497880539 0.4666376529186905
