0 0.18280188262844435 0.5801979477628316 0.03558274780007962 0.5233859610021295 0.014616159951481068 0.5777175043853069 0.1618352947798458 0.634529491146009
0 0.3364928346539144 0.6678329688739889 0.13573758977522277 0.6177098362917222 0.11627460414131122 0.6956637917950691 0.3170298490200028 0.7457869243773358
0 0.35342409318816637 0.5394286335030374 0.26423342448716314 0.4471301426292619 0.21892050765332552 0.4909173087567117 0.3081111763543287 0.5832157996304873
0 0.2174540758387614 0.5038179043286474 0.18250527500890792 0.4688475118533016 0.12772253999617936 0.5235964225560992 0.16267134082603282 0.558566815031445
0 0.4239554144581211 0.6453850543570059 0.42228596677760544 0.5978502813022464 0.3272978754645766 0.6011863159254992 0.32896732314509225 0.6487210889802586
0 0.4631994514978691 0.48063682262892476 0.320730052021701 0.4471431561767682 0.3079309473977732 0.5015857103297557 0.45040034687394137 0.5350793767819123
0 0.6319041217652099 0.39115958327354167 0.5857730513613602 0.3731167710846492 0.5467824500940953 0.4728062293197646 0.5929135204979451 0.4908490415086571
0 0.48890225194952147 0.2997334954109304 0.4302575440844335 0.2961054069898367 0.42473604147490124 0.38535541138050283 0.4833807493399892 0.3889834998015966
1 0.5645333113746318 0.30505243559164996 0.5208359002988796 0.30405838985206457 0.520174399759017 0.33313739483755456 0.5638718108347691 0.33413144057713995
0 0.5694881615021853 0.3517005587900942 0.5624066887231406 0.3221763178117602 0.5119093121023404 0.3342882565476547 0.5189907848813851 0.36381249752598865
