0 0.5733585510909609 0.578167758078412 0.5635537375956623 0.5189019388441334 0.4271234500220233 0.5414726810029762 0.4369282635173219 0.6007385002372548
0 0.7879283066877198 0.335104635766413 0.7280030699135693 0.2831041797125951 0.6914026271949647 0.3252824674122484 0.7513278639691152 0.3772829234660663
0 0.45618540579232947 0.40582512606247817 0.4534702625277135 0.3726258875474536 0.3975816006296323 0.3771966467187009 0.4002967438942483 0.41039588523372544
0 0.28041877080354416 0.40395709741616226 0.2757460384761547 0.3645326318770511 0.18754805961364146 0.37498617998241285 0.1922207919410309 0.41441064552152407
0 0.3909757772440105 0.44645452350825526 0.3860122161537921 0.38888267550486366 0.2210121506648318 0.4031081682299928 0.22597571175505018 0.4606800162333845
0 0.6188139275088707 0.3664490066531828 0.5937850558168719 0.3111727601086552 0.4702816573504771 0.3670946236029703 0.4953105290424758 0.42237087014749797
0 0.7164086640865888 0.5403861492701468 0.657303193241928 0.4978970176768297 0.6261803422303229 0.5411911659469364 0.6852858130749837 0.5836802975402535
1 0.22941992749114198 0.4462322214740186 0.19170692495271374 0.44249952715203406 0.18926852579633052 0.46713571368163154 0.22698152833475876 0.47086840800361607
0 0.23898777343750002 0.4436092171875 0.23818660832146757 0.4115995456445929 0.18730237231521152 0.41287311931402365 0.18810353743124397 0.4448827908569307
0 0.9018049514763451 0.5028079245059958 0.8769294469184082 0.44356248634615714 0.7501890203595795 0.49677725116962285 0.7750645249175163 0.5560226893294615
