0 0.28183082804638565 0.7414116227221655 0.09025841324358282 0.639143104870288 0.0530860378851715 0.7087754986992586 0.24465845268797434 0.8110440165511361
0 0.5095619597252045 0.7523673523260308 0.2904469720521601 0.6701325020300284 0.2647522498419024 0.7385961609300873 0.48386723751494676 0.8208310112260898
0 0.5473392383233682 0.6599741508992788 0.5041062698198738 0.6240432115324295 0.44151378354548243 0.6993559930889518 0.48474675204897677 0.7352869324558011
0 0.5007577731972318 0.5814604182343762 0.27528453844638096 0.5771728881253682 0.2738678756540075 0.651672549754921 0.4993411104048583 0.655960079863929
0 0.45886217321202494 0.5357725090075599 0.31162547384496386 0.5164592707992524 0.3049748541166895 0.5671610374825512 0.45221155348375053 0.5864742756908587
0 0.24982499374031758 0.6544422737694313 0.23750827444636827 0.6054604296329267 0.18241325536001324 0.61931433604548 0.19472997465396252 0.6682961801819848
0 0.5914641456196204 0.43048666321088014 0.5617137944148654 0.3729549069934244 0.446119308061793 0.43273018229249016 0.475869659266548 0.4902619385099459
0 0.44432028116184463 0.4347499217154186 0.4224758407150809 0.39368334583834724 0.31697842622808664 0.44980032025927513 0.33882286667485045 0.4908668961363465
1 0.5023627413600156 0.3636515483006207 0.4676832340440621 0.35272931312060835 0.4586860609946556 0.38129649954786854 0.4933655683106092 0.3922187347278808
0 0.4936948704997667 0.39097460054822514 0.44159309958752296 0.371710384080174 0.4308578437092511 0.4007448295444707 0.48295961462149484 0.4200090460125219
