0 0.5198370878692427 0.2967507071897993 0.5032391406038459 0.21810803184424327 0.2793601021986798 0.265358871886865 0.29595804946407667 0.34400154723242105
0 0.7206878128003538 0.3137287590607188 0.70783543574041 0.24599332718360128 0.5047894895702684 0.28452003305012574 0.5176418666302122 0.3522554649272432
0 0.3841900012312084 0.3819139627494025 0.3684188822733784 0.3378846525129167 0.2957942658323552 0.36389849327049956 0.3115653847901852 0.4079278035069853
0 0.6613649460990414 0.4022049716171779 0.6463080842055204 0.33156040713322615 0.6031779669757998 0.3407529645978106 0.6182348288693208 0.4113975290817624
0 0.5899020519744467 0.3856939826213387 0.41877980812373006 0.36657464093466713 0.41067230435950464 0.4391385533799137 0.5817945482102214 0.4582578950665853
0 0.5227299130623364 0.49045970711624937 0.5192584618294961 0.4390472482929507 0.35605466476237263 0.4500670290134197 0.359526115995213 0.5014794878367184
0 0.3691864766931041 0.6067200588434861 0.32381007331794304 0.5171782784017958 0.2726361050954078 0.5431113189658661 0.3180125084705689 0.6326530994075564
0 0.5298322971105892 0.6257813381861383 0.4850189293217295 0.5521749745380986 0.4388786184030165 0.5802663326845174 0.4836919861918762 0.6538726963325571
1 0.45353758469561783 0.6582587275929165 0.4430483642510792 0.6308944405989476 0.39378208438961576 0.6497790864902556 0.4042713048341545 0.6771433734842245
0 0.43957413050322247 0.635800017998484 0.43213005984265573 0.6162050833916949 0.3756248321305334 0.6376712896445452 0.38306890279110006 0.6572662242513343
