0 0.8230116295127866 0.7711155226384242 0.5956176596678924 0.6376451487436594 0.5385532610803041 0.7348659757556083 0.7659472309251982 0.8683363496503732
0 0.4567941283406539 0.5121102180976936 0.3651222956911446 0.4218707561413425 0.3083259531629928 0.4795686268341375 0.3999977858125021 0.5698080887904886
1 0.4716456788079205 0.44791911280689034 0.46010719866231203 0.4113036697069809 0.4130162984222869 0.42614323933818116 0.4245547785678954 0.46275868243809065
1 0.4783412636673551 0.5133246500193062 0.46851766244673154 0.46705549432288274 0.4333139517963717 0.47452974384635277 0.44313755301699514 0.5207988995427761
0 0.49674968740683045 0.46281362158881595 0.489106115951855 0.43718063414826946 0.42142905907412215 0.45736144301056897 0.42907263052909766 0.48299443045111545
0 0.5604541133394437 0.5621687267168853 0.5204672670325163 0.4889927915513207 0.4738457327477216 0.5144690375578974 0.5138325790546491 0.5876449727234621
0 0.6524536413922635 0.6018331321192877 0.580292710857641 0.5745414965471787 0.5615333169809995 0.6241426028944792 0.633694247515622 0.6514342384665882
0 0.8185020107715013 0.5546050140301009 0.6447668445230688 0.47198969074152564 0.6009347680590634 0.5641659697701529 0.7746699343074961 0.646781293058728
0 1.0070957121181063 0.7000782782284678 0.8216519710249421 0.5687582360046716 0.7607239448666532 0.6547978147078213 0.9461676859598173 0.7861178569316175
0 0.6180593399936147 0.6199654688027428 0.43600707490312196 0.5210600820773896 0.3858993399122201 0.6132919306720368 0.5679516050027129 0.7121973173973901
0 0.6187487991995019 0.44632105803529293 0.5118374519596081 0.3888072299084847 0.473724606462281 0.45965446425152223 0.5806359537021748 0.5171682923783304
