0 0.841303606000746 0.30420919022706927 0.8057280287667907 0.2866730115650521 0.7571104428498258 0.3853033184325169 0.7926860200837811 0.40283949709453415
0 0.6762939376698962 0.4134485119228456 0.6358237296147118 0.3931790541350205 0.5855621857952258 0.49353176987323577 0.6260323938504102 0.5138012276610608
0 0.647239189632397 0.7195259042448704 0.5883841640900677 0.6316448565561462 0.5485157390324865 0.658345234360102 0.6073707645748158 0.7462262820488261
0 0.6599193215644188 0.5751664874072409 0.6485222180675639 0.545786513454242 0.5408446618009558 0.5875568790448378 0.5522417652978107 0.6169368529978366
0 0.8212492572300493 0.5484441772719415 0.7899585286373171 0.460877340499921 0.7528920119781912 0.4741225181883458 0.7841827405709234 0.5616893549603661
0 0.8262866899772113 0.6380380410968716 0.8204058198715896 0.6078685384099192 0.7193199151843166 0.6275729757400121 0.7252007852899385 0.6577424784269645
0 0.800838868335099 0.44819573780634486 0.7967089142018692 0.41732096901301646 0.7520522825641114 0.42329444987187015 0.7561822366973412 0.45416921866519855
0 0.9054302445636738 0.30633045323899316 0.8795623644885229 0.2941798087213675 0.8545802366329793 0.3473650275343994 0.8804481167081303 0.35951567205202506
1 0.8542660153011354 0.29882573129735135 0.8489436755906651 0.28492969689687303 0.8282909125181872 0.2928399407739176 0.8336132522286575 0.3067359751743959
0 0.8723380516881543 0.29207894188016903 0.8570638995110558 0.28468357779755643 0.8434857048073121 0.3127275537098261 0.8587598569844106 0.32012291779243873
