0 0.5306621969442398 0.6958398715576845 0.3215715066844437 0.6531320403709876 0.3044983533816262 0.7367194600503416 0.5135890436414223 0.7794272912370385
0 0.7573513321513377 0.527636951689902 0.5920326871621925 0.5268739433245984 0.5916740096225417 0.6045874882075996 0.7569926546116867 0.6053504965729032
0 0.5873015875 0.6383928578125 0.49801587343750003 0.6383928578125 0.49801587343750003 0.6855158734375 0.5873015875 0.6855158734375
0 0.36024274733760586 0.6072347536457693 0.2016573470639989 0.5665346810461342 0.18569604781821641 0.628726929563203 0.34428144809182337 0.669427002162838
0 0.7364672511525482 0.36314114536460523 0.6477420374181775 0.3229512599367794 0.6246721401824782 0.3738815261288352 0.7133973539168489 0.41407141155666094
0 0.6948494755001093 0.3957560538073651 0.6339671492518962 0.35732469779471093 0.5784358610680898 0.4452964571850595 0.6393181873163029 0.48372781319771374
0 0.5036318078908998 0.5804899948741589 0.4433879201076957 0.48352441330753165 0.39720744896747 0.5122159456656974 0.4574513367506742 0.6091815272323247
0 0.3639721421131141 0.5465588410716657 0.3319292324138089 0.5169807681910011 0.2802405034646005 0.5729768866965463 0.31228341316390573 0.602554959577211
1 0.63375496078125 0.33112599265625015 0.610243055625 0.32328869093750007 0.5977265214062499 0.3608382935937501 0.6212384265625 0.36867559531250016
0 0.6484184442065416 0.3567392796480593 0.6406650166200353 0.3419309320713904 0.6028046304021943 0.3617540596295041 0.6105580579887008 0.37656240720617296
