1 0.0029761906250000913 0.7445436515625 9.11802999711498e-17 0.7445436515625 9.174220380092279e-17 0.7537202375 0.002976190625000092 0.7537202375
0 0.5465475232824735 0.5092280384292994 0.48528252077536804 0.4719535375276407 0.4183928307387152 0.5818945676867507 0.4796578332458207 0.6191690685884096
1 0.5814272016189261 0.37906423197091643 0.5618982021668931 0.3708241463551325 0.5459525282980273 0.40861538673385933 0.5654815277500603 0.4168554723496432
0 0.6675764096842018 0.4604214082298392 0.5842818926837887 0.39069380151162897 0.5375646973593879 0.4465007681250934 0.6208592143598011 0.5162283748433036
0 0.4245411878773083 0.40468306323711634 0.39102440921644555 0.3462751437493975 0.28323461223361607 0.40812920051189644 0.31675139089447885 0.4665371199996152
0 0.2698209924617405 0.43927003216586524 0.2212785588036983 0.3801365212645679 0.10844661803328011 0.47275975495854433 0.15698905169132238 0.5318932658598418
0 0.489771698929062 0.49941264029391963 0.4708669633383787 0.4599102094674502 0.37617855567265346 0.5052253780019372 0.3950832912633368 0.5447278088284067
0 0.5190795823722437 0.45607438658898347 0.4517346619443254 0.44042380418553567 0.44346194914175185 0.4760215328227522 0.5108068695696703 0.4916721152262
0 0.55 0.3843750000000001 0.525 0.3843750000000001 0.525 0.4265625 0.55 0.4265625
0 0.26583315612900266 0.5969556150507868 0.22162418417508611 0.5184265212899165 0.055475973813893284 0.6119618114642622 0.09968494576780981 0.6904909052251325
