0 0.724339232711623 0.2503126065594641 0.5851157288813751 0.21478907932272814 0.5703093161196587 0.2728182454611427 0.7095328199499067 0.30834177269787866
0 0.42414150581284726 0.5729045760533421 0.26973244592818973 0.48458259416508226 0.23905222058511147 0.5382193519800001 0.3934612804697689 0.62654133386826
0 0.8372062033207939 0.6832284166913629 0.6619270531202894 0.5771157948470181 0.6319040647873598 0.6267084237917151 0.8071832149878642 0.7328210456360601
0 0.5397596760391359 0.6949820626275708 0.36920866631734095 0.6117369280721108 0.34474586711919153 0.6618558344339751 0.5152968768409865 0.7451009689894351
0 0.7344978822719656 0.4442233514944416 0.5638980229179948 0.4048075049084705 0.5520126121083628 0.45624999791860643 0.7226124714623334 0.49566584450457746
0 0.571455669745037 0.37498520048693845 0.559719838954951 0.3097861432803768 0.3918182503556542 0.3400084304975862 0.4035540811457402 0.4052074877041479
0 0.4813796574169899 0.46964501083535304 0.45853266245680546 0.42783501070592794 0.4077323917705919 0.4555947218934698 0.4305793867307763 0.4974047220228949
0 0.5894816307889283 0.5095490785392222 0.5238594380527988 0.44939540358701946 0.49397648959483786 0.4819949846565105 0.5595986823309674 0.5421486596087132
0 0.4211458940417284 0.37577476194723003 0.3651314786945753 0.37516591019020423 0.36479907230161895 0.40574732766046057 0.4208134876487721 0.40635617941748636
1 0.42785129063611527 0.36513855785847865 0.38355141577623303 0.3436598298848465 0.3683845229988547 0.37494154511844613 0.41268439785873695 0.3964202730920783
