0 0.5637705952940733 0.18113794264550037 0.43218861968522315 0.16335644926182596 0.42751972679090533 0.19790597430365997 0.5591017023997555 0.21568746768733438
0 0.7763731287798927 0.478578389796709 0.7624143762564282 0.41040969218343226 0.7214503406006086 0.4187978066128122 0.7354090931240731 0.48696650422608895
0 0.5721314682150351 0.5886076526950342 0.44933531761194584 0.5781183052670291 0.44511380028668823 0.6275385462118452 0.5679099508897776 0.6380278936398504
0 0.6271002577438526 0.5915396578775545 0.6246423245703286 0.5611724453126689 0.5702829574281271 0.5655723121593574 0.572740890601651 0.595939524724243
0 0.403394949065622 0.4433912043829637 0.2987045487744077 0.4304785645011126 0.2933626865836595 0.4737881972459981 0.39805308687487384 0.4867008371278492
0 0.5115252989734471 0.4565326428286668 0.4685528119111896 0.42164747733546476 0.45194958131660556 0.4420997842639348 0.49492206837886304 0.4769849497571369
0 0.6378182410812723 0.45460554156027044 0.6244248278499348 0.409448374070777 0.5133500045483256 0.442392668205753 0.5267434177796632 0.48754983569524646
0 0.679024553287203 0.5872756742039528 0.6400078591943197 0.5856746729062314 0.6369902776951171 0.6592136852869852 0.6760069717880005 0.6608146865847065
1 0.42324659698487166 0.46639137525238344 0.3928928631069538 0.45700314110612766 0.38655073275404306 0.47750831108296454 0.4169044666319609 0.4868965452292204
0 0.4397360946014638 0.44372949471549344 0.3949522761777068 0.4356459284163849 0.390432467276907 0.4606861512133227 0.43521628570066406 0.46876971751243135
