0 0.2780017093749689 0.4309388599892965 0.22854398730995493 0.3501396280886628 0.05695916843671465 0.45516778346574294 0.1064168905017286 0.5359670153663766
0 0.658456736636613 0.683582020406704 0.6437184951859373 0.6203568014329125 0.5013218215220547 0.6535504635869549 0.5160600629727304 0.7167756825607464
0 0.49134475115680276 0.5786808151811166 0.30622300280945913 0.5559878386015014 0.2962676774536982 0.637200068683323 0.4813894258010419 0.6598930452629382
0 0.6688773062761448 0.5313564477492106 0.6526081670440038 0.46252909417104887 0.46111167500342304 0.5077942820579664 0.4773808142355641 0.5766216356361282
0 0.8189910334305915 0.28608769999499206 0.7733854910201539 0.19640055006350837 0.5392061823454842 0.31547975373503245 0.5848117247559219 0.4051669036665161
0 0.3960219425026312 0.27452444811033994 0.34855826573977 0.19599704552128883 0.14409894458574665 0.3195767235757575 0.19156262134860785 0.39810412616480867
0 0.5005417818654625 0.4646137421809405 0.45778323087667766 0.42401320965486794 0.38654635384873093 0.49903650243373027 0.4293049048375158 0.5396370349598028
0 0.3793320363971997 0.5043529621041132 0.3197857276339029 0.47676866849970023 0.29851430986491667 0.5226873506479537 0.3580606186282135 0.5502716442523665
0 0.3134464670860458 0.5986823394560881 0.2566518039472263 0.5947736355790518 0.2550136521803466 0.618576481918166 0.3118083153191661 0.6224851857952024
1 0.3173991705349913 0.6480276013422165 0.3123056721331675 0.6121349452680918 0.2643381346268761 0.6189419805324408 0.2694316330286998 0.6548346366065655
