0 0.869236683164164 0.3585000469722378 0.6038079219541591 0.2470392772417723 0.562277922940936 0.3459373578650172 0.8277066841509411 0.45739812759548276
0 0.5384938518855698 0.46847860463147734 0.5241166926869752 0.3753854490932875 0.2510836363897021 0.4175522409929817 0.2654607955882966 0.5106453965311715
0 0.6705814319221269 0.062355045530307615 0.6531681087924168 -0.03255422161833409 0.3270036536197038 0.027288270289786996 0.3444169767494139 0.12219753743842872
0 0.3649877144226613 0.6611540343615098 0.34661423197449626 0.5826695345465962 0.11039254929431323 0.6379698161415059 0.1287660317424783 0.7164543159564195
0 0.5778164849015868 0.5128313483256798 0.5586617748444722 0.4646994407964743 0.43679276055221933 0.5131987784198173 0.45594747060933394 0.5613306859490227
0 0.7236742032355018 0.4658565791557357 0.6564635761886881 0.4221105749822356 0.6094542833939061 0.4943348639306304 0.6766649104407196 0.5380808681041305
1 0.8610844500275832 0.44542140909685274 0.7851472822094279 0.4170486882969774 0.772920323394265 0.449773100946778 0.8488574912124202 0.47814582174665343
0 0.8267132571357836 0.471590021181642 0.8199902366907457 0.44142854175644713 0.7491840475448273 0.4572113039529723 0.7559070679898653 0.4873727833781671
0 0.8571792818475223 0.46407542916920635 0.8533270946822966 0.45790100241017767 0.8354511326174852 0.469053706024555 0.8393033197827109 0.47522813278358383
0 0.8613888778719199 0.6502362023124594 0.8414141499355188 0.5672174209196845 0.5910364049292907 0.6274595402802113 0.6110111328656918 0.7104783216729862
0 0.6502238348531082 0.7348051714962407 0.6307333994080826 0.6509316718602873 0.4109656329761052 0.7020010737945284 0.4304560684211308 0.7858745734304817
