0 0.7739765235347921 0.7851919677667663 0.7013688266785106 0.719958491616129 0.4988676254548432 0.9453511381390338 0.5714753223111246 1.0105846142896708
0 0.20600669414310704 0.18531355500109092 0.06803554469242738 0.0026339870435536485 -0.002985030020656121 0.05627321138247739 0.13498611943002353 0.23895277934001466
0 0.4273725263585287 0.23214690417541242 0.39235801721208874 0.11154137062849581 0.3334989950051716 0.12862947356046361 0.36851350415161155 0.2492350071073802
0 0.9327678905601735 0.6197420705533014 0.7456098596723317 0.4946970278411347 0.6716592590743315 0.6053807342136731 0.8588172899621732 0.7304257769258399
0 0.3532817488138859 0.6430800432959728 0.26059739797562587 0.510941317013479 0.19541222135850073 0.5566633089609373 0.2880965721967607 0.6888020352434311
1 0.46861645718379996 0.4777548968114395 0.4232486295349487 0.447509666469814 0.36029073739829903 0.5419464674902882 0.40565856504715037 0.5721916978319136
0 0.4102346568897898 0.4653164627937187 0.32738436324419723 0.46389108113333777 0.32630372482211223 0.5267031777689322 0.4091540184677047 0.5281285594293131
0 0.47556450722915333 0.6137586605245553 0.4341094212500976 0.6029442921205228 0.39473943195742656 0.7538626102456573 0.4361945179364823 0.7646769786496898
0 0.47450036623781644 0.5624060655044945 0.45442436067789593 0.5434055606591832 0.3956038690645971 0.6055555154251089 0.4156798746245176 0.6245560202704201
0 0.8125852859714289 0.2552724161246255 0.7349210312351392 0.23630789049225998 0.676403879332307 0.4759495815065392 0.7540681340685966 0.49491410713890466
