0 0.523474238861937 0.5215214830589714 0.5057206704863549 0.5158035236830626 0.49591950747170876 0.5462349427088562 0.5136730758472908 0.5519529020847651
0 0.5739813702655503 0.5787839546436484 0.5616408660396404 0.5155872021445589 0.40113875093370943 0.5469286390286896 0.41347925515961953 0.6101253915277791
0 0.8327941326264732 0.38179066366959624 0.8219021365511713 0.28613406693243904 0.6660145982370571 0.3038842954940022 0.6769065943123591 0.3995408922311594
0 1.0056540433430843 0.4534021924621675 0.9480452338756089 0.3236726605073687 0.5591050221115724 0.49638878933423314 0.6167138315790476 0.626118321289032
0 0.7351739122958137 0.6899161691334819 0.7183078221887296 0.5863281004475963 0.38626852523416133 0.6403903565797225 0.4031346153412455 0.7439784252656081
0 0.6522746197051179 0.5094028025544471 0.5685973226318868 0.1379786923335578 0.4159379843381008 0.17237096911336924 0.49961528141133194 0.5437950793342585
0 0.48569450300096595 0.5182377950149344 0.4654483785756437 0.21723470521122498 0.30085084994681377 0.22830589403820017 0.321096974372136 0.5293089838419095
0 0.45013964542199164 0.624605928082862 0.3233680568134204 0.47139199893929895 0.23146100947311116 0.5474373197582493 0.3582325980816824 0.7006512489018123
1 0.24456859248096352 0.47780878278891886 0.21904394756085277 0.44405696074230966 0.12753213793095086 0.5132623044886243 0.1530567828510616 0.5470141265352334
1 0.24353388689249153 0.482231897251717 0.23961284232986765 0.48182141179784727 0.2389119149360864 0.4885168196868969 0.24283295949871028 0.48892730514076665
0 0.281157647133737 0.4841926206687446 0.25313639260462945 0.4419904403139404 0.18362269524038788 0.4881458993619473 0.21164394976949538 0.5303480797167515
