0 0.6985337249338409 0.5553861579354342 0.37401959667871887 0.5174875442940734 0.3578041533063613 0.6563353797333108 0.6823182815614833 0.6942339933746717
0 0.368306856933062 0.5574768612067228 0.07936077533365564 0.5527437355502058 0.07737238541253312 0.6741302184146611 0.3663184670119395 0.6788633440711781
0 0.38273544405069637 0.45188915607234864 0.1240647480021037 0.44617267556949736 0.1216314271131772 0.556280425912432 0.3803021231617699 0.5619969064152832
0 1.0011998576236552 0.5428089502294507 0.7520710862807256 0.5381556831138605 0.750029398402031 0.647464514962516 0.9991581697449607 0.6521177820781062
0 0.6347282235780176 0.5252002751985523 0.6319696377832492 0.43313249181301705 0.39854267195632204 0.4401265595353777 0.40130125775109055 0.5321943429209129
0 0.8751415744221431 0.4307681356697376 0.6508986113727276 0.4222525796581733 0.6475464683483105 0.5105256746081575 0.8717894313977259 0.5190412306197218
0 0.7460787274712504 0.5134623431080747 0.6054125503635515 0.5014588272486089 0.59971617141149 0.5682132565278732 0.7403823485191889 0.5802167723873392
0 0.5635182572091586 0.5397512966584158 0.46749600550742587 0.5301490714882425 0.4651779165996288 0.553329960566213 0.5612001683013615 0.5629321857363863
1 0.8712643513269391 0.448755854483281 0.8352302090059618 0.43682508692160127 0.801719403873818 0.5380367747010755 0.8377535461947954 0.5499675422627552
0 0.8418095641629222 0.484937854240089 0.811214942984669 0.4670909928899939 0.7831493140580537 0.5152035023276633 0.8137439352363067 0.5330503636777584
