0 0.8708565720653285 0.7679771859634501 0.7847558132818355 0.7111938898830139 0.7093282922815712 0.8255649679916365 0.7954290510650642 0.8823482640720727
0 0.8674292581053955 0.6536153265628001 0.7158748700432938 0.6354287885378349 0.7092136445571549 0.6909389659509096 0.8607680326192566 0.7091255039758748
0 0.4957981451054341 0.5246680682890026 0.41268905318431715 0.5115783858647414 0.39272110114499764 0.6383590294070474 0.47583019306611457 0.6514487118313086
0 0.4635266001529973 0.39949883751285614 0.35710675271591164 0.23188758178021357 0.2966493103226549 0.2702732604018777 0.40306915775974056 0.4378845161345203
0 0.45842498772575047 0.48092387871609976 0.45661107263728845 0.4414208009195586 0.39141954441610965 0.44441428657374854 0.3932334595045717 0.4839173643702897
0 0.2936366904088072 0.36159095209686365 0.2404113127976633 0.2784654362171971 0.20620795787885057 0.30036588954800275 0.2594333354899945 0.38349140542766935
1 0.3355213558345368 0.2952404080949111 0.3086551106463113 0.2491839890675757 0.2873128952046636 0.26163361509201594 0.314179140392889 0.30769003411935136
0 0.32766175876217546 0.31327899345922167 0.28349792186598777 0.25638558050801313 0.2648446219125145 0.27086531118311513 0.3090084588087022 0.3277587241343237
0 0.8222501782699865 0.5787335330732796 0.7622729480476538 0.4437847723662185 0.6768532149300521 0.4817491002480123 0.7368304451523847 0.6166978609550734
0 0.5165134695962615 0.7260413581107288 0.43401623542002293 0.6936986882615016 0.41959290692601475 0.7304886228562004 0.5020901411022534 0.7628312927054278
