0 0.8340681601115895 0.7721833757483564 0.810980073715687 0.6596291113867382 0.5108786925116069 0.7211884548382533 0.5339667789075095 0.8337427191998715
0 0.5344597530069081 0.7485979571695525 0.5156722300131722 0.6445168404350526 0.196562574987965 0.7021188355846869 0.21535009798170082 0.8061999523191867
0 0.3358661712415067 0.6705179837507511 0.3086980128280811 0.5729138531812837 0.2372665630361741 0.5927968328495055 0.26443472144959973 0.690400963418973
0 0.7137907254781416 0.6590587092233522 0.6938754750852187 0.6011800148518534 0.6209472711520784 0.6262735913018057 0.6408625215450011 0.6841522856733044
0 0.581073389183637 0.5464351325632106 0.3596721870554166 0.4951250003665833 0.33711927878048425 0.5924399124471593 0.5585204809087047 0.6437500446437866
0 0.7346342267714274 0.4818903396613593 0.6750286712561804 0.4116409356654209 0.5688614590153094 0.5017222075789609 0.6284670145305564 0.5719716115748993
0 0.5520852186312865 0.39258353487879366 0.4637451559202888 0.29679766716496914 0.39994551390588695 0.35563791689084834 0.4882855766168845 0.45142378460467275
1 0.3829365078125 0.26984127031250005 0.35747354531250003 0.26984127031250005 0.3574735453125001 0.3695436515625 0.38293650781250005 0.3695436515625001
0 0.5090079620490094 0.2888812893375903 0.38227458733280084 0.27679588982572845 0.3776838270092027 0.3249368344218773 0.5044172017254113 0.3370222339337392
0 0.42018875833307856 0.29623546286399943 0.39450391916257793 0.2790237040388191 0.36149141707949933 0.32828774586231974 0.38717625625 0.34549950468750007
