0 0.169638337300812 0.4237622803782838 0.1123212919243867 0.3683881838253762 0.0621951451326878 0.4202731410356496 0.1195121905091131 0.4756472375885572
0 0.35194652511625707 0.25393250040835946 0.13121592442907065 0.12312917957507183 0.09150786930954789 0.19013652161207656 0.3122384699967343 0.32093984244536417
0 0.5735027737416248 0.24078029927498834 0.5548217751957127 0.09541872175868896 0.46849180709701843 0.10651333173799733 0.4871728056429305 0.2518749092542967
0 0.7767903484647265 0.3159873310516243 0.6366751798953094 0.2023904397258871 0.5907915124518268 0.2589852789278824 0.7309066810212439 0.3725821702536196
0 0.723001468327843 0.392904933158469 0.6907280246779006 0.31298972414398607 0.6386048910443632 0.3340394471807552 0.6708783346943056 0.4139546561952382
0 0.8031568861231373 0.5614841517852673 0.7370980840642057 0.5403888310838747 0.6875871939695901 0.6954293794034745 0.7536459960285216 0.7165247001048672
0 0.3749827983679343 0.7718227617377815 0.3103158846010981 0.7027194581202219 0.1504491824849262 0.8523228156839835 0.21511609625176242 0.9214261193015434
0 0.7710885250378349 0.8033894456266891 0.6870144387803656 0.683583866751044 0.6242977743868097 0.7275955588733085 0.7083718606442788 0.8474011377489535
1 0.20861941822062322 0.2900526382469136 0.16446738709328182 0.2893675509648584 0.16363130427388983 0.3432508380054403 0.20778333540123123 0.3439359252874955
0 0.1896759265625 0.35265997031250007 0.15510721926076212 0.2854515877869243 0.12209775543764138 0.30243004270889073 0.1566664627393793 0.3696384252344665
