0 0.8599836461667497 0.6443598764632745 0.693064269596 0.6355966181524003 0.6898758380034236 0.6963287105763951 0.8567952145741732 0.7050919688872693
0 0.668904583567831 0.6691284022273619 0.6014098797232371 0.6642224722913163 0.598614314238658 0.7026832466846666 0.6661090180832518 0.7075891766207123
0 0.8961541896255085 0.6971548888629172 0.80741830598314 0.6897485391952981 0.8039492931803502 0.7313109728146647 0.8926851768227188 0.738717322482284
0 0.5881964648085836 0.7081154719168257 0.5715437812615781 0.6453285569629975 0.44489233295178787 0.6789197358101159 0.46154501649879326 0.741706650763944
0 0.44919962013737325 0.4779058072137662 0.3392078958742432 0.4676572048148427 0.3334509790091356 0.5294425280994297 0.4434427032722656 0.5396911304983533
0 0.3665483507954145 0.7166225544988584 0.30805962441699436 0.6380049896788893 0.24774463782957082 0.6828772361686947 0.3062333642079909 0.7614948009886637
0 0.6488029694834114 0.47341812793328036 0.5005830162902953 0.46865279163382895 0.49859327771842327 0.5305411746265217 0.6468132309115393 0.5353065109259731
0 0.2926138649621993 0.5220341583685295 0.27713054723807345 0.4541816467752658 0.1388638226634334 0.48573283886814467 0.15434714038755928 0.5535853504614084
1 0.44436477500000005 0.4719782859375 0.44431177018729046 0.44703588201763156 0.4103031976666466 0.4471081532398748 0.4103562024793561 0.47205055715974326
0 0.45312310285009716 0.4743092491750473 0.4148061011147897 0.4619902865913554 0.40944934180353715 0.4786519944608646 0.4477663435388447 0.4909709570445564
