0 0.889566926022329 0.3882213951814454 0.8808730657885473 0.3021836209511053 0.644324789265915 0.32608611811617627 0.6530186494996968 0.41212389234651636
0 0.8780901559494076 0.3185468017817542 0.8691823686661253 0.25451987586199126 0.734767281924929 0.27322046132903355 0.7436750692082112 0.33724738724879655
0 0.606695576559013 0.3689827844734247 0.5962559434987175 0.32049472753894925 0.5343059718905983 0.3338327536957502 0.5447456049508937 0.3823208106302257
0 0.5028664292321932 0.32943407207299014 0.3124571134570142 0.31702651312072844 0.30666652579612397 0.40589023230098853 0.4970758415713029 0.4182977912532503
0 0.4080798886002713 0.562063145478137 0.3492589816496435 0.5416852315167203 0.3280489816728121 0.6029079571314323 0.3868698886234399 0.6232858710928489
0 0.28323659120847433 0.5617717932777949 0.11280520003691556 0.541220539457414 0.10424302988227967 0.6122265512392853 0.27467442105383844 0.6327778050596662
0 0.6394696828867303 0.6218340436306519 0.6380690394102959 0.5416723026573145 0.4787666885685152 0.5444557476745757 0.48016733204494966 0.6246174886479131
0 0.21454654184444372 0.4068143948706139 0.16425954453290598 0.31893028609030816 0.11473417462207343 0.3472685394801752 0.16502117193361115 0.43515264826048095
1 0.4316274498870308 0.6424453535183915 0.4301873430091086 0.6152919838324192 0.3918684256417666 0.6173242670110242 0.3933085325196889 0.6444776366969964
0 0.4378759701213541 0.6120639830802952 0.43283581741864124 0.5911889741831079 0.38813070132727434 0.6019827713404042 0.3931708540299872 0.6228577802375914
