0 1.0436173523500016 0.11714038887650506 0.9908053717049625 0.041767768976492016 0.778173882690737 0.19075409978523689 0.830985863335776 0.2661267196852499
0 0.2871480228195958 0.18148740000439945 0.19120257665909093 0.1652445455564521 0.15650405369270065 0.37020638140800466 0.25244949985320553 0.38644923585595203
0 0.40010926062568497 0.17061120143248204 0.2292196266651342 -0.04460496762209256 0.14336402230841722 0.023567571952574574 0.31425365626896795 0.23878374100714916
0 0.9609464578852194 0.5512303358461944 0.9143974964417907 0.5001118003225116 0.8684437545456538 0.5419576579510721 0.9149927159890824 0.5930761934747549
0 0.44379972076471635 0.6515030565101061 0.27949116963708887 0.5682843067083047 0.2478095027133004 0.6308371424809358 0.41211805384092787 0.7140558922827372
0 0.37488107988685265 0.5982007855479685 0.3168925875963556 0.5667248040288945 0.30400639814868136 0.590465150203247 0.36199489043917843 0.621941131722321
0 0.566051196785524 0.6707681561374226 0.4984267720576284 0.6591344438128326 0.478729541223257 0.7736304762694266 0.5463539659511526 0.7852641885940165
0 0.9053087659957626 0.7083854687453299 0.7452277622538594 0.6220403899294743 0.7092948520837086 0.6886588516448525 0.8693758558256117 0.7750039304607081
1 0.8969637992363586 0.6819148711365626 0.8643738341686216 0.5801505850721775 0.82835831741282 0.5916845374867353 0.860948282480557 0.6934488235511205
0 0.9139426916409548 0.6513909707088571 0.8892360303650186 0.6111232772283633 0.8609256455900859 0.628493407642327 0.885632306866022 0.6687611011228206
