0 0.9042422483086957 0.41098209256270424 0.7499365136009931 0.35315945791092923 0.7196231539791927 0.4340538214429638 0.8739288886868953 0.49187645609473885
0 0.44352125206281795 0.46008305912197134 0.35681216875000005 0.4546130953125 0.35413174842108186 0.49710273467923727 0.44084083173389976 0.5025726984887087
0 0.3026366809581176 0.41250844858501967 0.2633697479976987 0.33877645714491184 0.12338880506386389 0.4133251326188951 0.1626557380242828 0.487057124059003
0 0.26574315170339513 0.3269352607084123 0.2579819530277495 0.2713434203274666 0.1284326498060168 0.28942984944557776 0.1361938484816624 0.3450216898265235
0 0.3790632260160208 0.2636949348861263 0.3467130284736363 0.20303832057360238 0.25366846129571485 0.25266209470881573 0.2860186588380994 0.31331870902133957
0 0.42318990371594517 0.2835579595620708 0.41604116540505454 0.2438427490173422 0.34437184914129493 0.2567432266898214 0.3515205874521856 0.29645843723455
0 0.7087005901384591 0.23412593566751153 0.575577005958225 0.20486800680016576 0.5614221125876674 0.269272775426176 0.6945456967679015 0.2985307042935217
0 0.8271927225252511 0.2385969497477803 0.6964040452146618 0.23079421695623492 0.6921157415562288 0.3026743618203945 0.8229044188668183 0.31047709461193984
1 0.32009894253705307 0.40403546315150923 0.309063043070378 0.3726871108680335 0.26709673721940275 0.3874609633554329 0.2781326366860778 0.4188093156389086
0 0.33870082674839563 0.4311738655700498 0.33725721399992387 0.40182042302484244 0.27293003077666655 0.40498405678368876 0.27437364352513827 0.43433749932889604
