0 0.7905766327042053 0.7427465299564338 0.7732983992299343 0.6866995134480882 0.6427153625161253 0.7269557899937729 0.6599935959903963 0.7830028065021184
0 0.6056382734041347 0.6232721205994044 0.43732216788036987 0.5975233930684132 0.42798561753521847 0.6585552165335141 0.5963017230589834 0.6843039440645053
0 0.7274179217082821 0.5435319488594148 0.7132972489694371 0.49706034568334767 0.5602485271795372 0.5435651091473013 0.5743691999183822 0.5900367123233685
0 0.461537717291129 0.3168335399639105 0.43258801709129563 0.2727084259194833 0.30133514406058154 0.3588210945639252 0.3302848442604149 0.4029462086083523
0 0.7533060031853616 0.28100309232396536 0.7189807587934022 0.2442878948063114 0.5887606050712675 0.3660314479799409 0.6230858494632269 0.40274664549759487
0 0.3914109299836551 0.4341321055382594 0.35205631996552544 0.39204062941293044 0.24555224824911032 0.49161960818911526 0.28490685826724 0.5337110843144444
0 0.5766558301977007 0.484578293478995 0.5480267513505166 0.4583618682728744 0.49351522036486317 0.517890004027426 0.5221442992120473 0.5441064292335466
0 0.4988749749728651 0.535234760320798 0.44193339519603414 0.5086056083214763 0.42353504913322426 0.5479471123289612 0.4804766289100552 0.5745762643282827
1 0.43227704417715146 0.6449238608102478 0.41564150021286794 0.6348571696154652 0.407934043752573 0.6475939992566181 0.4245695877168565 0.6576606904514005
1 0.01201578645125356 0.23858746261681185 0.011689925361826387 0.2292692885708759 0.008519562039709463 0.22938015772194906 0.008845423129136635 0.23869833176788502
0 0.4390625 0.5984375 0.39531250000000007 0.5984375 0.39531250000000007 0.6328125 0.4390625 0.6328125
