0 0.8232419361062746 0.5992315901823441 0.5540805959794406 0.5662626806178792 0.5408328310568815 0.6744187041972769 0.8099941711837154 0.7073876137617418
0 0.6287881425620926 0.7762861501913247 0.46758276003131954 0.5479093167367605 0.35475210011090785 0.6275536020985164 0.5159574826416808 0.8559304355530808
0 0.6948670708867377 0.5204302578286795 0.6603466629808533 0.43828478201611415 0.4346761394197564 0.5331194451379015 0.4691965473256408 0.6152649209504669
0 0.435919705505318 0.5238391084543906 0.2503910644132563 0.37344494573611514 0.16076954085175194 0.4840034885574422 0.3462981819438136 0.6343976512757177
0 0.5128429096672595 0.5210576639981367 0.49662407049564433 0.4658492013402927 0.3877320169622029 0.4978389112199405 0.4039508561338181 0.5530473738777846
0 0.4340626811666047 0.39536122932441575 0.29791483477622405 0.3792219877801195 0.2904948035423796 0.44181608613750534 0.42664264993276013 0.45795532768180164
0 0.2496458176359894 0.35396704279991525 0.15808030501290643 0.21704907280045305 0.07557711256258226 0.27222405903333735 0.1671426251856652 0.40914202903279956
0 0.48910468678758906 0.3291164919128738 0.3694032979157074 0.23334527076170136 0.3024038558594154 0.3170857323678039 0.42210524473129707 0.41285695351897633
1 0.3077403126671688 0.22008860040620754 0.268677389104142 0.21446099322092657 0.250379907765455 0.34146934533165696 0.2894428313284817 0.34709695251693795
0 0.3332194571393609 0.27650981222444637 0.3320856064651686 0.25311216633521744 0.2973473858475047 0.25479558162639904 0.298481236521697 0.27819322751562797
