0 0.3828973845781808 0.6717094672788118 0.231974554583228 0.6344184958202524 0.21604468882425926 0.698889340310184 0.36696751881921214 0.7361803117687433
0 0.8533509699767159 0.5618013279239689 0.8232747506352315 0.4837602572277445 0.6609969723680635 0.5463004301119725 0.6910731917095481 0.6243415008081967
0 0.676894921079344 0.667861988040763 0.6375123769910804 0.5840014796593753 0.4485014972439763 0.6727647062182776 0.48788404133224006 0.7566252145996653
0 0.47032093013348825 0.6726113005453105 0.4020982358166362 0.560768424187166 0.34869410740591267 0.5933442452538189 0.4169168017227648 0.7051871216119634
0 0.4627252332186355 0.7502630299259195 0.41632468108060683 0.6766598039939448 0.24414561933536366 0.7852040074636509 0.29054617147339235 0.8588072333956257
0 0.6915470081424353 0.524230329793196 0.6685558220847689 0.4471607475876286 0.5310366514918473 0.4881850888013196 0.5540278375495136 0.5652546710068871
0 0.6383948643207977 0.5727651813053656 0.5509903616118792 0.5541436465401658 0.5439317454809601 0.5872749023961062 0.6313362481898788 0.6058964371613061
0 0.5357849368748598 0.6182018757484435 0.4635210551620522 0.6089763260822261 0.4573104500297059 0.6576240978558987 0.5295743317425134 0.6668496475221163
1 0.7312647859327622 0.45068720240242693 0.692957515428693 0.44957325471714366 0.6905376356674173 0.5327898992931704 0.7288449061714866 0.5339038469784537
0 0.6982572260880322 0.4720948066084681 0.6675704855843094 0.4710640697547328 0.6670311527937149 0.48712089874085607 0.6977178932974377 0.4881516355945913
