0 0.793740188678458 0.8062233541139392 0.715259741255422 0.7440380491134081 0.5346507265316867 0.9719741553049183 0.6131311739547225 1.0341594603054491
0 0.17821914229079686 0.22231240278345035 0.026005056565775165 0.04361381254676114 -0.04002156396297616 0.09985478044687275 0.11219252176204553 0.27855337068356195
0 0.4025208384030181 0.26200022149217694 0.3577002654268805 0.14196948166123463 0.3012653396703766 0.1630427976454142 0.3460859126465142 0.2830735374763565
0 0.939230061069998 0.6370506687515719 0.7421704077566024 0.5170891942192026 0.6744955992518675 0.6282580036555607 0.8715552525652631 0.7482194781879301
0 0.36203778495120653 0.6760800170403177 0.2589881790741655 0.5465739798780382 0.19825361325024604 0.5949012486942833 0.301303219127287 0.7244072858565628
1 0.4617574001434555 0.5009706253284705 0.4097676156361931 0.47707821270097545 0.3634629452217798 0.5778369713101744 0.4154527297290421 0.6017293839376695
0 0.40502722870860464 0.5603092099626354 0.4048586861829281 0.49702993163387943 0.32290029200467363 0.49724822544379654 0.3230688345303501 0.5605275037725526
0 0.48691406261889547 0.644937241026786 0.445089290906998 0.6352513548035645 0.4102389625633719 0.7857390844201175 0.45206373427526925 0.795424970643339
0 0.4768922972161425 0.592183600239588 0.45514916596590027 0.5739676002929528 0.4014746071786675 0.638035067350956 0.42321773842890975 0.6562510672975913
0 0.7891089285189128 0.272644803269569 0.7095249925215186 0.2598577896952995 0.6708821489139278 0.5003634851465153 0.750466084911322 0.5131504987207849
