0 0.5916019175585151 0.7779706248101332 0.5865637152961038 0.6635277995405116 0.3144420676951244 0.6755076147658374 0.3194802699575356 0.7899504400354591
0 0.8002173423778217 0.5688567532826817 0.5813300041243117 0.5675809459128919 0.5807913905713739 0.6599896352977407 0.7996787288248839 0.6612654426675305
0 0.2662605150741766 0.769865352186049 0.2658335388616201 0.680982407872384 0.025459109329420963 0.6821371194349859 0.025886085541977466 0.771020063748651
0 0.34885959816316564 0.5555931634025909 0.15430680303013253 0.5484571810357731 0.15117545928055176 0.6338289837795853 0.34572825441358485 0.6409649661464031
0 0.5640558473561248 0.5658897886841058 0.3617226054909751 0.5619331038276217 0.3601369720383622 0.6430177412233075 0.5624702139035118 0.6469744260797915
0 0.2255607318565393 0.6175822139411696 0.21102753833012713 0.5976098949176887 0.17981610006892895 0.6203214224050261 0.1943492935953412 0.640293741428507
0 0.17902890770688032 0.5910600856131775 0.17567060329861478 0.5861340587811188 0.1633099659042345 0.5945608872304413 0.16666827031250003 0.5994869140625001
1 0.23116342248764044 0.6751826520069567 0.1959341707406169 0.579988088600669 0.15899935417368294 0.5936567888342446 0.19422860592070648 0.6888513522405324
0 0.5068741022882041 0.6900329480648321 0.5040948218984624 0.6505501571486585 0.4079384832221109 0.6573188130676366 0.4107177636118524 0.6968016039838101
0 0.39093642573766985 0.6835869887613287 0.385404345295722 0.630077021879617 0.2658698735295412 0.6424349871696734 0.2714019539714891 0.6959449540513851
0 0.8333085657884111 0.772698189200032 0.8233423728412887 0.6713047523980664 0.5836975368482468 0.6948599917667928 0.5936637297953691 0.7962534285687584
