0 0.9356632261824981 0.6763084449209071 0.9003173240160919 0.6157154686423778 0.7309674590172618 0.7145028880394302 0.7663133611836679 0.7750958643179595
0 0.5278718879973603 0.3752369035059464 0.3846554147402016 0.2667539946059585 0.34526343515761915 0.3187583190441658 0.48847990841477784 0.42724122794415376
0 0.2772040594078716 0.483329574671773 0.26135839135594213 0.40638353366935354 0.03449006924996305 0.453103027963758 0.05033573730189249 0.5300490689661774
0 0.39719955315625405 0.3971431381026004 0.24274812490657488 0.31626176823246616 0.21020571543029226 0.37840489996191157 0.3646571436799714 0.4592862698320458
0 0.6851625910965466 0.5061978485341896 0.586294551746245 0.38939356928592944 0.5302163765984375 0.43686048798864574 0.629084415948739 0.5536647672369058
0 0.7701944029735002 0.4036500355623268 0.6962201603635891 0.3897798814571047 0.66955801746371 0.531978144894798 0.743532260073621 0.5458482990000201
1 0.7529556108500218 0.3907062058252928 0.7322634863140938 0.35430661466801694 0.6421112805982595 0.40555556028942286 0.6628034051341876 0.4419551514466987
0 0.720247102353943 0.3770053575908932 0.7044758971455791 0.3591313259322012 0.6711285397355059 0.3885554663227754 0.6868997449438698 0.4064294979814673
0 0.5403197805234687 0.46743617663335735 0.5320471040614422 0.4210443102995482 0.42445665984206615 0.44023002119611476 0.4327293363040928 0.4866218875299239
0 0.6070764060751824 0.4074134905419499 0.5641240233429272 0.3839057696355641 0.5497012369253111 0.41025851751537806 0.5926536196575664 0.4337662384217639
