0 0.725275054926903 0.09990438005569884 0.57251193442165 0.08750796358314086 0.5676075016111207 0.147946112148362 0.7203706221163737 0.16034252862092
0 0.6313249244368887 0.5770406296516549 0.53256729408607 0.5660095140000861 0.5257605192188181 0.6269481332163301 0.6245181495696368 0.6379792488678989
0 0.8412549508246219 0.38782250868968376 0.7946855681041812 0.3769550867778867 0.7804452438238647 0.43797812580735085 0.8270146265443052 0.4488455477191479
0 0.7349129826837564 0.5985971884822422 0.7124112404993628 0.5461231140412705 0.6574236152849233 0.5697027079471951 0.6799253574693169 0.6221767823881669
0 0.6918307581709315 0.5579375908596886 0.6788211922373679 0.5317462542556239 0.6334112679248346 0.5543019341475145 0.6464208338583983 0.5804932707515793
0 0.5849536770524167 0.42959457909787363 0.5406228606635693 0.3955680280361765 0.5220287679282481 0.41979297253531545 0.5663595843170957 0.4538195235970125
0 0.7206758314117276 0.42637940580192024 0.702342437818196 0.3721591215234958 0.5792616407656307 0.4137761791653011 0.5975950343591622 0.4679964634437256
0 0.4803093053966636 0.47447840961472076 0.46793945193817377 0.41611247692510756 0.3866128910258637 0.4333485184721185 0.39898274448435356 0.4917144511617318
1 0.5052302406599043 0.45847876571508583 0.4758168109375001 0.45170938281250006 0.4696299380676791 0.478591766772257 0.4990433677900833 0.485361149674843
0 0.5326907432915792 0.4460580757632574 0.48477039856116966 0.42388406682858903 0.47245953125000006 0.45048913437500004 0.5203798759804096 0.4726631433096685
