0 0.3034780564554871 0.6171600624353148 0.24152653702600357 0.35770550370190113 0.15867657498942994 0.37748808550696594 0.22062809441891346 0.6369426442403798
0 0.2861039205476446 0.6466448812067038 0.11988638708070161 0.6342447968649891 0.11214428851457736 0.7380241335256288 0.2783618219815204 0.7504242178673435
0 0.4041959080586926 0.9186983891778162 0.3433302938355219 0.7300333095837367 0.2568220699971264 0.7579418986591933 0.3176876842202971 0.9466069782532728
0 0.47514813057167443 0.6299363443829621 0.4622217285287225 0.48757453660854255 0.412589463748263 0.4920811287829764 0.4255158657912149 0.6344429365573959
0 0.6077503314122807 0.6013889415396197 0.5797151258461275 0.515462132829478 0.4538336470003478 0.5565332861678689 0.4818688525665012 0.6424600948780107
0 0.53236833349059 0.5402732010974918 0.5308219101627805 0.4839872824856394 0.49055914003976675 0.4850934789997236 0.49210556336757627 0.541379397611576
0 0.6829785342706608 0.37804420409124967 0.625686027081634 0.3458823974392379 0.5645205886064832 0.4548414917299917 0.6218130957955101 0.4870032983820035
0 0.9361846674263598 0.4986862441972191 0.8672295535037391 0.3983293179616274 0.721659643899837 0.4983502141464965 0.7906147578224576 0.598707140382088
0 0.5741651353426993 0.9432577352320617 0.5226106234375001 0.8733475140625 0.49458604571078923 0.8940139259530542 0.5461405576159886 0.9639241471226159
1 0.5377438858879106 0.9867362884103061 0.5325541731064505 0.9108735720385214 0.5051872255828073 0.9127457248448744 0.5103769383642673 0.9886084412166591
