0 0.5081298065680413 0.5763117720991227 0.4035047627870917 0.47465902782565106 0.3415716101578421 0.5384030895491131 0.4461966539387917 0.6400558338225846
0 0.6722364933614353 0.4759472613209887 0.4747223742898723 0.44821931890618705 0.46438353624758577 0.5218658397189144 0.6618976553191487 0.549593782133716
0 0.5832829059558904 0.4375888284679735 0.5300789309070744 0.4289142652990458 0.5250369775411237 0.4598382387436356 0.5782409525899397 0.4685128019125632
0 0.7485317471255423 0.5365674611784339 0.7146031770945183 0.49132936608686756 0.5961507945671085 0.5801686496108133 0.6300793645981326 0.6254067447023796
0 0.6044890865662331 0.5911279409730001 0.5407367335229113 0.5480586053363725 0.45217331548233386 0.679152484779559 0.5159256685256557 0.7222218204161865
0 0.8320960788569944 0.6615393686370961 0.7381735633417738 0.5785744782883405 0.6808140070590107 0.6435098237370891 0.7747365225742313 0.7264747140858446
0 0.7178480270202696 0.6628454859383066 0.6288162975442427 0.6458870605130771 0.5921859252942766 0.838196506171473 0.6812176547703035 0.8551549315967026
1 0.7454562878511988 0.7048471463783684 0.7034055918307083 0.6970979668252879 0.6808930642813216 0.8192615386134587 0.7229437603018122 0.8270107181665394
0 0.7647893760237424 0.7138870248936697 0.7362353745545316 0.7046156047886736 0.7134080716244661 0.7749188414041686 0.7419620730936769 0.7841902615091648
0 0.5560678509653824 0.5719937224426117 0.5264956862018779 0.5365071232359693 0.48480462275329195 0.5712496746506035 0.5143767875167964 0.606736273857246
