0 0.7572717199360358 0.34570005432298395 0.5973879177606263 0.31977295733760747 0.5900162870269255 0.3652313575048893 0.7499000892023352 0.39115845449026576
0 0.7292175881410288 0.7779387344004289 0.7241600013441903 0.7283262108792655 0.5682504225323599 0.7442199040707232 0.5733080093291985 0.7938324275918867
0 0.4025339313210816 0.39078446180793397 0.2099664933594787 0.3719463431551432 0.20591337133153118 0.4133782578305487 0.3984808092931341 0.43221637648333955
0 0.5967399139759152 0.566581198474252 0.5898263074195879 0.5235632037369453 0.4253082374634206 0.5500036088285588 0.43222184401974795 0.5930216035658655
0 0.6020431944029094 0.27526273783963795 0.4300920926729475 0.2666390516278853 0.4279262497360479 0.3098246534725353 0.5998773514660098 0.31844833968428793
0 0.6021713075274507 0.47823449971208626 0.50805630354932 0.4605879408088957 0.5026879310436045 0.48921926788536857 0.5968029350217354 0.5068658267885591
0 0.6713184792741422 0.509671340650243 0.668332418961677 0.45791290546424646 0.6128597476103106 0.46111324839875534 0.6158458079227758 0.5128716835847519
1 0.7771848206933699 0.5210043750092882 0.7712153274273507 0.5060806559471607 0.7357234076657259 0.520277437267762 0.741692900931745 0.5352011563298895
0 0.7791393125089876 0.5384271071742847 0.7278096182194296 0.4927285191141639 0.6281496429074162 0.6046688718213549 0.6794793371969742 0.6503674598814756
0 0.7726549463081206 0.510986680314377 0.7698315688101812 0.49216415575598693 0.7242063484374999 0.4990079359375 0.7270297259354392 0.51783046049589
